Path from 10 to 20 (cost: 2.46, edges: 9):
[10 457589 566045 276914 188756 925920 52866 162003 683223 20]

Path from 10 to 30 (cost: 2.43, edges: 12):
[10 457589 45860 201990 616011 807010 954856 727532 266980 26858 911278 944975 30]

Path from 10 to 40 (cost: 2.33, edges: 9):
[10 471445 892544 217229 909715 480731 309182 502498 19391 40]

Path from 10 to 50 (cost: 2.36, edges: 17):
[10 457589 591617 924897 14460 411407 272826 428028 289195 456757 703231 147338 956773 487633 381763 23032 911805 50]

Path from 10 to 60 (cost: 2.61, edges: 16):
[10 471445 892544 674659 505236 522766 713958 687791 486659 728134 527627 874306 168668 119013 460660 634007 60]

