node	father	level
777		0		0
782		777		1
212		782		2
462		212		3
66		462		4
244		66		5
564		244		6
915		564		7
62		915		8
407		62		9
633		407		10
99		633		11
532		99		12
503		532		13
128		503		14
756		128		15
377		756		16
875		377		17
492		875		18
149		492		19
740		149		20
958		740		21
719		958		22
104		719		23
942		104		24
378		942		25
676		378		26
787		676		27
920		787		28
819		920		29
213		819		30
548		213		31
551		548		32
236		551		33
887		236		34
225		887		35
736		225		36
188		736		37
261		188		38
728		261		39
686		728		40
125		686		41
878		125		42
848		878		43
121		848		44
446		121		45
929		446		46
706		929		47
759		706		48
824		759		49
580		824		50
480		580		51
285		480		52
243		285		53
123		243		54
513		123		55
947		513		56
25		947		57
165		25		58
704		165		59
257		704		60
47		257		61
456		47		62
349		456		63
798		349		64
254		798		65
696		254		66
936		696		67
932		936		68
543		932		69
923		543		70
663		923		71
670		663		72
739		670		73
952		739		74
314		952		75
438		314		76
964		438		77
311		964		78
547		311		79
587		547		80
15		587		81
901		15		82
190		901		83
882		190		84
754		882		85
724		754		86
601		724		87
802		601		88
96		802		89
7		96		90
557		7		91
197		557		92
895		197		93
10		895		94
527		10		95
429		527		96
950		429		97
410		950		98
478		410		99
578		478		100
283		578		101
78		283		102
716		78		103
852		716		104
618		852		105
354		618		106
522		354		107
281		522		108
108		281		109
61		108		110
746		61		111
899		746		112
344		899		113
943		344		114
588		943		115
919		588		116
406		919		117
180		406		118
524		180		119
458		524		120
699		458		121
22		699		122
493		22		123
439		493		124
34		439		125
542		34		126
76		542		127
127		76		128
941		127		129
608		941		130
562		608		131
58		562		132
342		58		133
707		342		134
497		707		135
917		497		136
809		917		137
269		809		138
162		269		139
224		162		140
310		224		141
590		310		142
638		590		143
442		638		144
103		442		145
46		103		146
203		46		147
375		203		148
376		375		149
753		376		150
644		753		151
539		644		152
508		539		153
171		508		154
110		171		155
660		110		156
247		660		157
276		247		158
613		276		159
589		613		160
386		589		161
637		386		162
436		637		163
151		436		164
709		151		165
88		709		166
567		88		167
764		567		168
872		764		169
666		872		170
163		666		171
364		163		172
388		364		173
575		388		174
112		575		175
658		112		176
395		658		177
599		395		178
534		599		179
735		534		180
89		735		181
80		89		182
576		80		183
365		576		184
664		365		185
584		664		186
71		584		187
202		71		188
843		202		189
729		843		190
206		729		191
91		206		192
880		91		193
940		880		194
549		940		195
673		549		196
748		673		197
194		748		198
267		194		199
783		267		200
830		783		201
827		830		202
535		827		203
506		535		204
675		506		205
373		675		206
86		373		207
677		86		208
693		677		209
415		693		210
641		415		211
33		641		212
823		33		213
351		823		214
490		351		215
414		490		216
55		414		217
196		55		218
636		196		219
455		636		220
926		455		221
346		926		222
90		346		223
504		90		224
807		504		225
910		807		226
695		910		227
401		695		228
181		401		229
944		181		230
883		944		231
82		883		232
879		82		233
445		879		234
510		445		235
3		510		236
473		3		237
714		473		238
422		714		239
250		422		240
251		250		241
583		251		242
857		583		243
553		857		244
889		553		245
228		889		246
939		228		247
837		939		248
502		837		249
4		502		250
528		4		251
107		528		252
195		107		253
435		195		254
360		435		255
113		360		256
431		113		257
558		431		258
184		558		259
639		184		260
612		639		261
380		612		262
531		380		263
487		531		264
484		487		265
219		484		266
235		219		267
192		235		268
715		192		269
114		715		270
592		114		271
678		592		272
662		678		273
304		662		274
642		304		275
85		642		276
523		85		277
559		523		278
620		559		279
45		620		280
957		45		281
863		957		282
854		863		283
831		854		284
218		831		285
890		218		286
54		890		287
298		54		288
615		298		289
467		615		290
629		467		291
160		629		292
182		160		293
424		182		294
491		424		295
768		491		296
960		768		297
514		960		298
460		514		299
1		460		300
14		1		301
437		14		302
205		437		303
937		205		304
370		937		305
568		370		306
545		568		307
851		545		308
51		851		309
417		51		310
207		417		311
963		207		312
352		963		313
605		352		314
8		605		315
730		8		316
356		730		317
906		356		318
185		906		319
893		185		320
954		893		321
146		954		322
681		146		323
655		681		324
124		655		325
631		124		326
419		631		327
65		419		328
263		65		329
117		263		330
175		117		331
133		175		332
457		133		333
792		457		334
359		792		335
640		359		336
651		640		337
39		651		338
811		39		339
767		811		340
81		767		341
790		81		342
393		790		343
52		393		344
966		52		345
119		966		346
384		119		347
784		384		348
757		784		349
758		757		350
561		758		351
199		561		352
825		199		353
231		825		354
319		231		355
859		319		356
922		859		357
961		922		358
927		961		359
26		927		360
550		26		361
307		550		362
142		307		363
489		142		364
518		489		365
668		518		366
866		668		367
864		866		368
845		864		369
741		845		370
826		741		371
44		826		372
628		44		373
581		628		374
234		581		375
64		234		376
772		64		377
265		772		378
598		265		379
270		598		380
494		270		381
682		494		382
122		682		383
340		122		384
505		340		385
731		505		386
804		731		387
293		804		388
300		293		389
674		300		390
711		674		391
448		711		392
775		448		393
322		775		394
56		322		395
898		56		396
776		898		397
519		776		398
874		519		399
216		874		400
48		216		401
698		48		402
172		698		403
403		172		404
159		403		405
255		159		406
669		255		407
141		669		408
198		141		409
667		198		410
554		667		411
223		554		412
211		223		413
918		211		414
303		918		415
485		303		416
617		485		417
35		617		418
800		35		419
5		800		420
134		5		421
306		134		422
791		306		423
946		791		424
565		946		425
387		565		426
870		387		427
12		870		428
956		12		429
402		956		430
689		402		431
713		689		432
13		713		433
152		13		434
834		152		435
472		834		436
604		472		437
200		604		438
345		200		439
765		345		440
63		765		441
526		63		442
838		526		443
697		838		444
156		697		445
585		156		446
17		585		447
43		17		448
324		43		449
41		324		450
220		41		451
411		220		452
31		411		453
597		31		454
881		597		455
2		881		456
341		2		457
454		341		458
799		454		459
382		799		460
945		382		461
953		945		462
28		953		463
861		28		464
16		861		465
475		16		466
645		475		467
903		645		468
53		903		469
242		53		470
150		242		471
101		150		472
477		101		473
891		477		474
810		891		475
138		810		476
520		138		477
630		520		478
296		630		479
130		296		480
733		130		481
602		733		482
965		602		483
717		965		484
653		602		483
884		653		484
540		884		485
793		884		485
797		602		483
761		520		478
498		101		473
795		242		471
649		799		460
687		454		459
50		2		457
143		881		456
177		881		456
109		17		448
530		604		438