Path from 10 to 20 (cost: 2.08, edges: 15):
[10 8057 8102 8499 6636 1383 8090 3104 2154 4653 5330 3368 9539 670 656 20]

Path from 10 to 30 (cost: 1.92, edges: 10):
[10 1453 8022 9384 1742 280 5925 2718 7955 6700 30]

Path from 10 to 40 (cost: 1.61, edges: 7):
[10 8057 3126 8558 6932 3648 4306 40]

Path from 10 to 50 (cost: 1.34, edges: 7):
[10 8057 8102 8499 8264 7813 6258 50]

Path from 10 to 60 (cost: 1.69, edges: 15):
[10 8057 4198 9284 8905 3579 2599 1973 7545 5419 6819 2443 304 5994 2358 60]

