Path from 10 to 20 (cost: 1.98, edges: 12):
[10 88093 23182 3230 95082 66497 74693 349 59857 23752 91355 3119 20]

Path from 10 to 30 (cost: 2.08, edges: 13):
[10 88093 23182 3230 95082 1722 17751 32288 99852 43041 7784 32394 75909 30]

Path from 10 to 40 (cost: 2.14, edges: 15):
[10 88093 89589 65286 8311 78954 3362 75260 6742 31111 36813 52091 98783 7775 45954 40]

Path from 10 to 50 (cost: 1.82, edges: 11):
[10 55645 86287 12519 60311 93981 15586 21290 4058 73628 49540 50]

Path from 10 to 60 (cost: 2.23, edges: 9):
[10 43183 41508 75935 49623 48241 63564 6861 85661 60]

