Path from 10 to 20 (cost: 14.03, edges: 13):
[10 1246123 2018559 1928572 859299 2398349 3814392 4174552 3158431 2710203 4700647 4643923 4626307 20]

Path from 10 to 30 (cost: 12.01, edges: 9):
[10 1246123 4618619 1255604 1393581 3953176 2916604 2535596 3252878 30]

Path from 10 to 40 (cost: 13.66, edges: 14):
[10 1398281 579813 2164570 4813932 4538227 1314784 371209 2917522 3569757 3587598 1505495 667794 3131651 40]

Path from 10 to 50 (cost: 9.22, edges: 7):
[10 1398281 579813 460878 316057 4988769 2463928 50]

Path from 10 to 60 (cost: 14.47, edges: 19):
[10 1398281 579813 2164570 4813932 4538227 1314784 1927808 1977723 1214199 469195 469011 729796 4307186 729468 3868536 3480160 3783524 816847 60]

