node	father	level
777		0		0
3523		777		1
3385		3523		2
1796		3385		3
5780		1796		4
2840		5780		5
6142		2840		6
8122		6142		7
4306		8122		8
5045		4306		9
981		5045		10
8942		981		11
3463		8942		12
4754		3463		13
6230		4754		14
3441		6230		15
7190		3441		16
3011		7190		17
851		3011		18
6495		851		19
8301		6495		20
9860		8301		21
6818		9860		22
3184		6818		23
6452		3184		24
9348		6452		25
2101		9348		26
6139		2101		27
2165		6139		28
7834		2165		29
7492		7834		30
3746		7492		31
6686		3746		32
800		6686		33
8671		800		34
2459		8671		35
473		2459		36
278		473		37
1412		278		38
670		1412		39
2865		670		40
4231		2865		41
535		4231		42
9332		535		43
4119		9332		44
9951		4119		45
8104		9951		46
6438		8104		47
7244		6438		48
5358		7244		49
7765		5358		50
1190		7765		51
9422		1190		52
8798		9422		53
1410		8798		54
328		1410		55
7739		328		56
163		7739		57
8676		163		58
2373		8676		59
7868		2373		60
8728		7868		61
7614		8728		62
1946		7614		63
6919		1946		64
1002		6919		65
6454		1002		66
9555		6454		67
9953		9555		68
9887		9953		69
1270		9887		70
85		1270		71
5183		85		72
6328		5183		73
8041		6328		74
4330		8041		75
2134		4330		76
3857		2134		77
5324		3857		78
4397		5324		79
448		4397		80
2954		448		81
1618		2954		82
7544		1618		83
4887		7544		84
1392		4887		85
1367		1392		86
4581		1367		87
957		4581		88
8602		957		89
3119		8602		90
5538		3119		91
8222		5538		92
2418		8222		93
7504		2418		94
3156		7504		95
9930		3156		96
6458		9930		97
8411		6458		98
2147		8411		99
2061		2147		100
173		2061		101
2400		173		102
4090		2400		103
6649		4090		104
4622		6649		105
9778		4622		106
8109		9778		107
3890		8109		108
1855		3890		109
923		1855		110
1043		923		111
5075		1043		112
186		5075		113
7015		186		114
4661		7015		115
2896		4661		116
3928		2896		117
1992		3928		118
5875		1992		119
6436		5875		120
8418		6436		121
1978		8418		122
3621		1978		123
4487		3621		124
9072		4487		125
3502		9072		126
6882		3502		127
7013		6882		128
6008		7013		129
6692		6008		130
4689		6692		131
8258		4689		132
9360		8258		133
31		9360		134
7937		31		135
7972		7937		136
6880		7972		137
5709		6880		138
5846		5709		139
3332		5846		140
8636		3332		141
3910		8636		142
7757		3910		143
4680		7757		144
2593		4680		145
7082		2593		146
5841		7082		147
7518		5841		148
338		7518		149
4694		338		150
4783		4694		151
2088		4783		152
7818		2088		153
6312		7818		154
3204		6312		155
9531		3204		156
1966		9531		157
2597		1966		158
9458		2597		159
6957		9458		160
1104		6957		161
6953		1104		162
4291		6953		163
916		4291		164
8073		916		165
885		8073		166
2979		885		167
7659		2979		168
54		7659		169
1971		54		170
6075		1971		171
3378		6075		172
4988		3378		173
1790		4988		174
1060		1790		175
2144		1060		176
8433		2144		177
453		8433		178
4224		453		179
3676		4224		180
9325		3676		181
9783		9325		182
752		9783		183
5888		752		184
2582		5888		185
6069		2582		186
2888		6069		187
6175		2888		188
8873		6175		189
47		8873		190
9186		47		191
5310		9186		192
4321		5310		193
5409		4321		194
3570		5409		195
9469		3570		196
2300		9469		197
9103		2300		198
7691		9103		199
127		7691		200
8702		127		201
4010		8702		202
4760		4010		203
5755		4760		204
1286		5755		205
5227		1286		206
354		5227		207
3799		354		208
3375		3799		209
3248		3375		210
8086		3248		211
6792		8086		212
1122		6792		213
8790		1122		214
8587		8790		215
4353		8587		216
1722		4353		217
9330		1722		218
135		9330		219
1451		135		220
8584		1451		221
376		8584		222
6043		376		223
5449		6043		224
286		5449		225
4138		286		226
5029		4138		227
6205		5029		228
5245		6205		229
2946		5245		230
6140		2946		231
1158		6140		232
7450		1158		233
6457		7450		234
2433		6457		235
63		2433		236
2887		63		237
3542		2887		238
6439		3542		239
9370		6439		240
8768		9370		241
4379		8768		242
6266		4379		243
8191		6266		244
2195		8191		245
7129		2195		246
7997		7129		247
4326		7997		248
6653		4326		249
5912		6653		250
3159		5912		251
3373		3159		252
5554		3373		253
3736		5554		254
7417		3736		255
3701		7417		256
3627		3701		257
9546		3627		258
991		9546		259
3068		991		260
5648		3068		261
5261		5648		262
4862		5261		263
2425		4862		264
9418		2425		265
6356		9418		266
7638		6356		267
5591		7638		268
5354		5591		269
6386		5354		270
6828		6386		271
1755		6828		272
4217		1755		273
9419		4217		274
2943		9419		275
6999		2943		276
6159		6999		277
8304		6159		278
5336		8304		279
5690		5336		280
2215		5690		281
310		2215		282
7626		310		283
8224		7626		284
9496		8224		285
5088		9496		286
574		5088		287
4548		574		288
3644		4548		289
1787		3644		290
7079		1787		291
7208		7079		292
4556		7208		293
8614		4556		294
4830		8614		295
9898		4830		296
9228		9898		297
5364		9228		298
7327		5364		299
4320		7327		300
8261		4320		301
6893		8261		302
9891		6893		303
109		9891		304
4975		109		305
52		4975		306
1393		52		307
9908		1393		308
9732		9908		309
7850		9732		310
5236		7850		311
4198		5236		312
1051		4198		313
5300		1051		314
332		5300		315
8586		332		316
5040		8586		317
1424		5040		318
5161		1424		319
6603		5161		320
9088		6603		321
7970		9088		322
335		7970		323
6258		335		324
2839		6258		325
645		2839		326
5899		645		327
7453		5899		328
9184		7453		329
6793		9184		330
6096		6793		331
6244		6096		332
5157		6244		333
7643		5157		334
3591		7643		335
9739		3591		336
8118		9739		337
696		8118		338
7070		696		339
7673		7070		340
3489		7673		341
290		3489		342
1953		290		343
8732		1953		344
7693		8732		345
6625		7693		346
1907		6625		347
6418		1907		348
5155		6418		349
6410		5155		350
157		6410		351
1943		157		352
3220		1943		353
3049		3220		354
3236		3049		355
7902		3236		356
2524		7902		357
9396		2524		358
3498		9396		359
174		3498		360
1134		174		361
7715		1134		362
132		7715		363
4383		132		364
8806		4383		365
806		8806		366
8290		806		367
2928		8290		368
4130		2928		369
9414		4130		370
3770		9414		371
6267		3770		372
1068		6267		373
2845		1068		374
9354		2845		375
8269		9354		376
563		8269		377
7041		563		378
8645		7041		379
9710		8645		380
1109		9710		381
684		1109		382
1092		684		383
4457		1092		384
1426		4457		385
7515		1426		386
1601		7515		387
5199		1601		388
4357		5199		389
3794		4357		390
341		3794		391
6777		341		392
4135		6777		393
1838		4135		394
2445		1838		395
4269		2445		396
4228		4269		397
6446		4228		398
4547		6446		399
1332		4547		400
2587		1332		401
7870		2587		402
1492		7870		403
6037		1492		404
6907		6037		405
7598		6907		406
1055		7598		407
2625		1055		408
8251		2625		409
943		8251		410
8506		943		411
7529		8506		412
489		7529		413
5365		489		414
4300		5365		415
5714		4300		416
2307		5714		417
7067		2307		418
7961		7067		419
3027		7961		420
2098		3027		421
184		2098		422
8325		184		423
2205		8325		424
5689		2205		425
4818		5689		426
2233		4818		427
3090		2233		428
5788		3090		429
3859		5788		430
4742		3859		431
7889		4742		432
5920		7889		433
7669		5920		434
2116		7669		435
9674		2116		436
7774		9674		437
3371		7774		438
1439		3371		439
823		1439		440
7574		823		441
7108		7574		442
8270		7108		443
5456		8270		444
1786		5456		445
7836		1786		446
1291		7836		447
6564		1291		448
1097		6564		449
8113		1097		450
5941		8113		451
263		5941		452
2669		263		453
4557		2669		454
3686		4557		455
2866		3686		456
565		2866		457
7342		565		458
8963		7342		459
5585		8963		460
9426		5585		461
2289		9426		462
514		2289		463
1901		514		464
5393		1901		465
4670		5393		466
3994		4670		467
2035		3994		468
2321		2035		469
4237		2321		470
5955		4237		471
3821		5955		472
687		3821		473
8485		687		474
5078		8485		475
4034		5078		476
2132		4034		477
8405		2132		478
4331		8405		479
3336		4331		480
9393		3336		481
8033		9393		482
7954		8033		483
719		7954		484
8049		719		485
9492		8049		486
5883		9492		487
5813		5883		488
2570		5813		489
5217		2570		490
2700		5217		491
4081		2700		492
536		4081		493
6935		536		494
391		6935		495
1647		391		496
4393		1647		497
5668		4393		498
5101		5668		499
7001		5101		500
4764		7001		501
4921		4764		502
848		4921		503
6378		848		504
462		6378		505
2843		462		506
3329		2843		507
881		3329		508
1871		881		509
8462		1871		510
496		8462		511
5198		496		512
9397		5198		513
7980		9397		514
3727		7980		515
7851		3727		516
4502		7851		517
2441		4502		518
5379		2441		519
4405		5379		520
7303		4405		521
6112		7303		522
7593		6112		523
7328		7593		524
8040		7328		525
9564		8040		526
3098		9564		527
6547		3098		528
1368		6547		529
7639		1368		530
244		7639		531
8598		244		532
2442		8598		533
2087		2442		534
5957		2087		535
392		5957		536
4712		392		537
5902		4712		538
5979		5902		539
9846		5979		540
9781		9846		541
6082		9781		542
2492		6082		543
1141		2492		544
3116		1141		545
9206		3116		546
2771		9206		547
9628		2771		548
2653		9628		549
1429		2653		550
1469		1429		551
9033		1469		552
4944		9033		553
8048		4944		554
2179		8048		555
4442		2179		556
3602		4442		557
4899		3602		558
9481		4899		559
1181		9481		560
7224		1181		561
3785		7224		562
9548		3785		563
2162		9548		564
4819		2162		565
1036		4819		566
6035		1036		567
5961		6035		568
9861		5961		569
1381		9861		570
1069		1381		571
3132		1069		572
7867		3132		573
3694		7867		574
9880		3694		575
3904		9880		576
1691		3904		577
6301		1691		578
8627		6301		579
4476		8627		580
3569		4476		581
5599		3569		582
119		5599		583
4558		119		584
1556		4558		585
8960		1556		586
8173		8960		587
3366		8173		588
4037		3366		589
4953		4037		590
4172		4953		591
6652		4172		592
3148		6652		593
1771		3148		594
1198		1771		595
2364		1198		596
2838		2364		597
4418		2838		598
8521		4418		599
6979		8521		600
4480		6979		601
4762		4480		602
3524		4762		603
4968		3524		604
5807		4968		605
3823		5807		606
9347		3823		607
1839		9347		608
2807		1839		609
8851		2807		610
3108		8851		611
9852		3108		612
7661		9852		613
1977		7661		614
3114		1977		615
1321		3114		616
6433		1321		617
4398		6433		618
4458		4398		619
5867		4458		620
7648		5867		621
2876		7648		622
6855		2876		623
3766		6855		624
904		3766		625
7406		904		626
5613		7406		627
4596		5613		628
1757		4596		629
3526		1757		630
959		3526		631
6166		959		632
3882		6166		633
1995		3882		634
2138		1995		635
3000		2138		636
4647		3000		637
9056		4647		638
1887		9056		639
4667		1887		640
6666		4667		641
5153		6666		642
6270		5153		643
5174		6270		644
3774		5174		645
7714		3774		646
5288		7714		647
9189		5288		648
8991		9189		649
8309		8991		650
2616		8309		651
6471		2616		652
7611		6471		653
9604		7611		654
2438		9604		655
9329		2438		656
5928		9329		657
5621		5928		658
7627		5621		659
9540		7627		660
8684		9540		661
1702		8684		662
1996		1702		663
126		1996		664
495		126		665
8713		495		666
3026		8713		667
7240		3026		668
2691		7240		669
3956		2691		670
9737		3956		671
6523		9737		672
1223		6523		673
8176		1223		674
4256		8176		675
8935		4256		676
2113		8935		677
808		2113		678
4293		808		679
6695		4293		680
9077		6695		681
3776		9077		682
5340		3776		683
5094		5340		684
5808		5094		685
9247		5808		686
5992		9247		687
2972		5992		688
5582		2972		689
8987		5582		690
3995		8987		691
400		3995		692
4897		400		693
6842		4897		694
9904		6842		695
6990		9904		696
2150		6990		697
480		2150		698
9334		480		699
1062		9334		700
4445		1062		701
6296		4445		702
6887		6296		703
5205		6887		704
6745		5205		705
5727		6745		706
2705		5727		707
1260		2705		708
9921		1260		709
1680		9921		710
8839		1680		711
1185		8839		712
3085		1185		713
2315		3085		714
6591		2315		715
5944		6591		716
6703		5944		717
9045		6703		718
2093		9045		719
8101		2093		720
1952		8101		721
9690		1952		722
6202		9690		723
781		6202		724
6163		781		725
2293		6163		726
6047		2293		727
3707		6047		728
1718		3707		729
1749		1718		730
7543		1749		731
7058		7543		732
2202		7058		733
6311		2202		734
9353		6311		735
5477		9353		736
9067		5477		737
5918		9067		738
5972		5918		739
2994		5972		740
8195		2994		741
2345		8195		742
3218		2345		743
9294		3218		744
4301		9294		745
5415		4301		746
3514		5415		747
1305		3514		748
8242		1305		749
3225		8242		750
2667		3225		751
2244		2667		752
3129		2244		753
3486		3129		754
5411		3486		755
7901		5411		756
4313		7901		757
6751		4313		758
1269		6751		759
8400		1269		760
5762		8400		761
792		5762		762
5566		792		763
1361		5566		764
8180		1361		765
4127		8180		766
6337		4127		767
2463		6337		768
2376		2463		769
5935		2376		770
253		5935		771
1650		253		772
3500		1650		773
1681		3500		774
8415		1681		775
554		8415		776
7300		554		777
2938		7300		778
2281		2938		779
2470		2281		780
7408		2470		781
616		7408		782
1465		616		783
7094		1465		784
6395		7094		785
9854		6395		786
4969		9854		787
4628		4969		788
5557		4628		789
7377		5557		790
549		7377		791
7071		549		792
7131		7071		793
55		7131		794
8089		55		795
7941		8089		796
7199		7941		797
9255		7199		798
770		9255		799
1024		770		800
1123		1024		801
8365		1123		802
2092		8365		803
8707		2092		804
2574		8707		805
7761		2574		806
4431		7761		807
820		4431		808
3234		820		809
7343		3234		810
5319		7343		811
6788		5319		812
6165		6788		813
2940		6165		814
6423		2940		815
3350		6423		816
5517		3350		817
728		5517		818
1778		728		819
9477		1778		820
2798		9477		821
6089		2798		822
7221		6089		823
6147		7221		824
1395		6147		825
970		1395		826
1758		970		827
9117		1758		828
2535		9117		829
2541		2535		830
6535		2541		831
3140		6535		832
7186		3140		833
1715		7186		834
5653		1715		835
3744		5653		836
8213		3744		837
2168		8213		838
8550		2168		839
9283		8550		840
9040		9283		841
919		9040		842
3325		919		843
1108		3325		844
5845		1108		845
3864		5845		846
9768		3864		847
6530		9768		848
8345		6530		849
6997		8345		850
1957		6997		851
3215		1957		852
9402		3215		853
9722		9402		854
2460		9722		855
5965		2460		856
3354		5965		857
3074		3354		858
3231		3074		859
3021		3231		860
6599		3021		861
4523		6599		862
9504		4523		863
4481		9504		864
1059		4481		865
9575		1059		866
653		9575		867
4024		653		868
6318		4024		869
4990		6318		870
6532		4990		871
6173		6532		872
388		6173		873
180		388		874
4863		180		875
8434		4863		876
5339		8434		877
7911		5339		878
1822		7911		879
6743		1822		880
8394		6743		881
8786		8394		882
6918		8786		883
5636		6918		884
1597		5636		885
7305		1597		886
234		7305		887
9142		234		888
1576		9142		889
2708		1576		890
4347		2708		891
1205		4347		892
1634		1205		893
2		1634		894
4500		2		895
5505		4500		896
6993		5505		897
840		6993		898
8668		840		899
5795		8668		900
3105		5795		901
8613		3105		902
8045		8613		903
3550		8045		904
8861		3550		905
9487		8861		906
4422		9487		907
2608		4422		908
104		2608		909
6350		104		910
5577		6350		911
3016		5577		912
8928		3016		913
7043		8928		914
6968		7043		915
5113		6968		916
2764		5113		917
6724		2764		918
2323		6724		919
6066		2323		920
9987		6066		921
7592		9987		922
6144		7592		923
4477		6144		924
8220		4477		925
7971		8220		926
2417		7971		927
3197		2417		928
7764		3197		929
375		7764		930
8697		375		931
7177		8697		932
8630		7177		933
6111		8630		934
9312		6111		935
6227		9312		936
1720		6227		937
7218		1720		938
3009		7218		939
3670		3009		940
5346		3670		941
7359		5346		942
8321		7359		943
5656		8321		944
520		5656		945
2950		520		946
7619		2950		947
7326		7619		948
2835		7326		949
7564		2835		950
4989		7564		951
1542		4989		952
8625		1542		953
3482		8625		954
2342		3482		955
5514		2342		956
9853		5514		957
6155		9853		958
7584		6155		959
5234		7584		960
9371		5234		961
3596		9371		962
4469		3596		963
3078		4469		964
8225		3078		965
7964		8225		966
1768		7964		967
7011		1768		968
2853		7011		969
2337		2853		970
1363		2337		971
7369		1363		972
9902		7369		973
5684		9902		974
7298		5684		975
8529		7298		976
9196		8529		977
2863		9196		978
3800		2863		979
7729		3800		980
5666		7729		981
1515		5666		982
4857		1515		983
7557		4857		984
365		7557		985
3783		365		986
3360		3783		987
9380		3360		988
519		9380		989
3462		519		990
5949		3462		991
404		5949		992
1574		404		993
8313		1574		994
3312		8313		995
6056		3312		996
5383		6056		997
9530		5383		998
229		9530		999
6697		229		1000
8886		6697		1001
3052		8886		1002
8349		3052		1003
949		8349		1004
2742		949		1005
2314		2742		1006
9514		2314		1007
441		9514		1008
6036		441		1009
9470		6036		1010
7561		9470		1011
6186		7561		1012
4703		6186		1013
4546		4703		1014
6167		4546		1015
7160		6167		1016
5627		7160		1017
9545		5627		1018
2956		9545		1019
2058		2956		1020
6936		2058		1021
476		6936		1022
1442		476		1023
618		1442		1024
8655		618		1025
4805		8655		1026
1521		4805		1027
9192		1521		1028
4040		9192		1029
541		4040		1030
4133		541		1031
4869		4133		1032
8794		4869		1033
2662		8794		1034
817		2662		1035
6424		817		1036
9746		6424		1037
5317		9746		1038
8107		5317		1039
5747		8107		1040
3405		5747		1041
5767		3405		1042
9220		5767		1043
7750		9220		1044
431		7750		1045
5660		431		1046
2171		5660		1047
1418		2171		1048
5523		1418		1049
3298		5523		1050
9599		3298		1051
5468		9599		1052
2628		5468		1053
4285		2628		1054
5326		4285		1055
6287		5326		1056
9650		6287		1057
7035		9650		1058
5184		7035		1059
1142		5184		1060
7437		1142		1061
3635		7437		1062
9850		3635		1063
1954		9850		1064
8674		1954		1065
4239		8674		1066
9808		4239		1067
531		9808		1068
5800		531		1069
6618		5800		1070
110		6618		1071
600		110		1072
3545		600		1073
5482		3545		1074
5680		5482		1075
2640		5680		1076
7779		2640		1077
3245		7779		1078
7586		3245		1079
188		7586		1080
8662		188		1081
8362		8662		1082
3101		8362		1083
9659		3101		1084
9285		9659		1085
8179		9285		1086
7800		8179		1087
490		7800		1088
5264		490		1089
8057		5264		1090
6314		8057		1091
2279		6314		1092
5104		2279		1093
3710		5104		1094
4766		3710		1095
2089		4766		1096
2057		2089		1097
791		2057		1098
1944		791		1099
8306		1944		1100
2447		8306		1101
3753		2447		1102
6689		3753		1103
6747		6689		1104
1394		6747		1105
6830		1394		1106
8348		6830		1107
9795		8348		1108
2567		9795		1109
9179		2567		1110
3224		9179		1111
6429		3224		1112
5535		6429		1113
6064		5535		1114
8332		6064		1115
4176		8332		1116
8983		4176		1117
9922		8983		1118
6014		9922		1119
8612		6014		1120
6845		8612		1121
499		6845		1122
5166		499		1123
2481		5166		1124
5051		2481		1125
5232		5051		1126
1210		5232		1127
1935		1210		1128
987		1935		1129
697		987		1130
1137		697		1131
1981		1137		1132
9559		1981		1133
3313		9559		1134
3259		3313		1135
7863		3259		1136
5931		7863		1137
1015		5931		1138
6291		1015		1139
8819		6291		1140
1329		8819		1141
8207		1329		1142
6832		8207		1143
7352		6832		1144
2833		7352		1145
822		2833		1146
3605		822		1147
4618		3605		1148
4200		4618		1149
5890		4200		1150
6865		5890		1151
326		6865		1152
9940		326		1153
2577		9940		1154
8804		2577		1155
2832		8804		1156
7034		2832		1157
7363		7034		1158
8068		7363		1159
1566		8068		1160
9392		1566		1161
6825		9392		1162
1166		6825		1163
7730		1166		1164
4149		7730		1165
8212		4149		1166
4197		8212		1167
1495		4197		1168
4957		1495		1169
7833		4957		1170
40		7833		1171
8558		40		1172
6607		8558		1173
7009		6607		1174
4061		7009		1175
4017		4061		1176
6187		4017		1177
3424		6187		1178
6345		3424		1179
3921		6345		1180
138		3921		1181
7725		138		1182
177		7725		1183
4304		177		1184
8653		4304		1185
2109		8653		1186
414		2109		1187
1041		414		1188
7842		1041		1189
5649		7842		1190
9368		5649		1191
890		9368		1192
3189		890		1193
4892		3189		1194
2437		4892		1195
4022		2437		1196
8201		4022		1197
5560		8201		1198
5038		5560		1199
2484		5038		1200
3578		2484		1201
2545		3578		1202
4420		2545		1203
9451		4420		1204
7405		9451		1205
7329		7405		1206
8841		7329		1207
4834		8841		1208
8691		4834		1209
1323		8691		1210
6598		1323		1211
8902		6598		1212
8876		8902		1213
9054		8876		1214
211		9054		1215
7625		211		1216
1826		7625		1217
6413		1826		1218
7909		6413		1219
9959		7909		1220
4368		9959		1221
8409		4368		1222
2674		8409		1223
9101		2674		1224
39		9101		1225
2602		39		1226
1611		2602		1227
3997		1611		1228
7256		3997		1229
4475		7256		1230
3139		4475		1231
771		3139		1232
8561		771		1233
5058		8561		1234
5940		5058		1235
4543		5940		1236
4004		4543		1237
9806		4004		1238
5294		9806		1239
7017		5294		1240
1880		7017		1241
8375		1880		1242
9140		8375		1243
6854		9140		1244
8766		6854		1245
7473		8766		1246
352		7473		1247
1949		352		1248
9785		1949		1249
871		9785		1250
3008		871		1251
4774		3008		1252
6158		4774		1253
7600		6158		1254
1436		7600		1255
7869		1436		1256
481		7869		1257
7822		481		1258
5115		7822		1259
760		5115		1260
6661		760		1261
8281		6661		1262
2426		8281		1263
3369		2426		1264
8060		3369		1265
8373		8060		1266
2516		8373		1267
6696		2516		1268
2730		6696		1269
9375		2730		1270
3308		9375		1271
4858		3308		1272
6461		4858		1273
5368		6461		1274
2183		5368		1275
9627		2183		1276
5114		9627		1277
4821		5114		1278
3961		4821		1279
1100		3961		1280
9259		1100		1281
3657		9259		1282
556		3657		1283
7604		556		1284
6573		7604		1285
2292		6573		1286
349		2292		1287
1591		349		1288
3934		1591		1289
918		3934		1290
1930		918		1291
9831		1930		1292
5424		9831		1293
86		5424		1294
2721		86		1295
7143		2721		1296
5831		7143		1297
9151		5831		1298
5625		9151		1299
5320		5625		1300
4252		5320		1301
9243		4252		1302
1095		9243		1303
8369		1095		1304
3196		8369		1305
7884		3196		1306
1390		7884		1307
6235		1390		1308
9723		6235		1309
4696		9723		1310
9656		4696		1311
7707		9656		1312
7957		7707		1313
9948		7957		1314
8609		9948		1315
3249		8609		1316
8637		3249		1317
9619		8637		1318
3849		9619		1319
722		3849		1320
1919		722		1321
8215		1919		1322
6321		8215		1323
3031		6321		1324
9731		3031		1325
4440		9731		1326
3989		4440		1327
6335		3989		1328
7983		6335		1329
5335		7983		1330
6		5335		1331
4178		6		1332
6584		4178		1333
6412		6584		1334
7262		6412		1335
6932		7262		1336
6210		6932		1337
4554		6210		1338
3481		4554		1339
2324		3481		1340
2188		2324		1341
4083		2188		1342
6981		4083		1343
4640		6981		1344
402		4640		1345
329		402		1346
7168		329		1347
3384		7168		1348
5900		3384		1349
4369		5900		1350
7283		4369		1351
5014		7283		1352
4739		5014		1353
6382		4739		1354
3483		6382		1355
3092		3483		1356
6492		3092		1357
5849		6492		1358
8470		5849		1359
3408		8470		1360
839		3408		1361
8730		839		1362
4926		8730		1363
9024		4926		1364
6838		9024		1365
5571		6838		1366
9883		5571		1367
7567		9883		1368
6135		7567		1369
2079		6135		1370
2981		2079		1371
5893		2981		1372
237		5893		1373
2511		237		1374
6594		2511		1375
3136		6594		1376
8361		3136		1377
9183		8361		1378
6363		9183		1379
7710		6363		1380
506		7710		1381
4573		506		1382
9279		4573		1383
2769		9279		1384
5096		2769		1385
2757		5096		1386
1496		2757		1387
6406		1496		1388
8145		6406		1389
9517		8145		1390
6053		9517		1391
5885		6053		1392
1303		5885		1393
2989		1303		1394
5389		2989		1395
81		5389		1396
6671		81		1397
8390		6671		1398
3419		8390		1399
4351		3419		1400
1789		4351		1401
2906		1789		1402
445		2906		1403
4595		445		1404
4920		4595		1405
566		4920		1406
8801		566		1407
2975		8801		1408
651		2975		1409
5338		651		1410
1535		5338		1411
7155		1535		1412
6640		7155		1413
7128		6640		1414
4032		7128		1415
6247		4032		1416
671		6247		1417
4794		671		1418
2583		4794		1419
677		2583		1420
9215		677		1421
4637		9215		1422
8444		4637		1423
8053		8444		1424
2224		8053		1425
4748		2224		1426
2572		4748		1427
7728		2572		1428
2998		7728		1429
4399		2998		1430
1687		4399		1431
6588		1687		1432
595		6588		1433
1168		595		1434
1078		1168		1435
9034		1078		1436
4787		9034		1437
8062		4787		1438
8526		8062		1439
5537		8526		1440
8964		5537		1441
8877		8964		1442
1721		8877		1443
9981		1721		1444
3942		9981		1445
8397		3942		1446
3120		8397		1447
1791		3120		1448
6781		1791		1449
4439		6781		1450
5910		4439		1451
6117		5910		1452
292		6117		1453
863		292		1454
5240		863		1455
1739		5240		1456
9404		1739		1457
291		9404		1458
5741		291		1459
4588		5741		1460
3518		4588		1461
9697		3518		1462
7856		9697		1463
6819		7856		1464
7525		6819		1465
2607		7525		1466
7179		2607		1467
3293		7179		1468
313		3293		1469
3938		313		1470
3151		3938		1471
2635		3151		1472
1202		2635		1473
7209		1202		1474
3038		7209		1475
6420		3038		1476
2510		6420		1477
1222		2510		1478
8308		1222		1479
8398		8308		1480
8566		8398		1481
1922		8566		1482
7755		1922		1483
7269		7755		1484
7060		7269		1485
5273		7060		1486
2699		5273		1487
5258		2699		1488
9075		5258		1489
5543		9075		1490
4028		5543		1491
955		4028		1492
6927		955		1493
3668		6927		1494
2557		3668		1495
7381		2557		1496
8466		7381		1497
8294		8466		1498
9411		8294		1499
5782		9411		1500
1376		5782		1501
9431		1376		1502
9595		9431		1503
2412		9595		1504
6737		2412		1505
7731		6737		1506
1126		7731		1507
2893		1126		1508
4498		2893		1509
1217		4498		1510
7854		1217		1511
2619		7854		1512
1326		2619		1513
3948		1326		1514
7187		3948		1515
4913		7187		1516
7932		4913		1517
3274		7932		1518
7421		3274		1519
6578		7421		1520
1685		6578		1521
7908		1685		1522
7392		7908		1523
7194		7392		1524
9355		7194		1525
4388		9355		1526
4075		4388		1527
8929		4075		1528
630		8929		1529
6346		630		1530
8656		6346		1531
6341		8656		1532
2814		6341		1533
6706		2814		1534
3878		6706		1535
4386		3878		1536
2517		4386		1537
1938		2517		1538
3651		1938		1539
4235		3651		1540
6901		4235		1541
3282		6901		1542
8548		3282		1543
6630		8548		1544
7560		6630		1545
3760		7560		1546
4799		3760		1547
9643		4799		1548
8925		9643		1549
664		8925		1550
695		664		1551
8090		695		1552
8453		8090		1553
4394		8453		1554
2354		4394		1555
1250		2354		1556
3436		1250		1557
8080		3436		1558
1573		8080		1559
8567		1573		1560
2128		8567		1561
2487		2128		1562
8785		2487		1563
8188		8785		1564
9899		8188		1565
4105		9899		1566
8267		4105		1567
2560		8267		1568
3292		2560		1569
9091		3292		1570
4842		9091		1571
7012		4842		1572
3377		7012		1573
6391		3377		1574
1188		6391		1575
7295		1188		1576
5212		7295		1577
5426		5212		1578
9653		5426		1579
4126		9653		1580
9565		4126		1581
1926		9565		1582
4292		1926		1583
5490		4292		1584
7667		5490		1585
3255		7667		1586
6355		3255		1587
4807		6355		1588
5771		4807		1589
3685		5771		1590
4582		3685		1591
4951		4582		1592
6184		4951		1593
8737		6184		1594
769		8737		1595
6464		769		1596
8840		6464		1597
5929		8840		1598
5691		5929		1599
1811		5691		1600
6869		1811		1601
6113		6869		1602
7474		6113		1603
2501		7474		1604
4873		2501		1605
2806		4873		1606
7950		2806		1607
3672		7950		1608
2309		3672		1609
4931		2309		1610
7386		4931		1611
5008		7386		1612
3661		5008		1613
2980		3661		1614
4856		2980		1615
9473		4856		1616
9929		9473		1617
6177		9929		1618
2367		6177		1619
7644		2367		1620
7028		7644		1621
4709		7028		1622
894		4709		1623
3399		894		1624
7231		3399		1625
1658		7231		1626
9701		1658		1627
1857		9701		1628
7910		1857		1629
8297		7910		1630
632		8297		1631
4687		632		1632
9240		4687		1633
3881		9240		1634
4928		3881		1635
3365		4928		1636
8248		3365		1637
1283		8248		1638
3955		1283		1639
2564		3955		1640
275		2564		1641
4889		275		1642
7362		4889		1643
3756		7362		1644
2027		3756		1645
3388		2027		1646
3735		3388		1647
4777		3735		1648
3731		4777		1649
1736		3731		1650
8592		1736		1651
2964		8592		1652
7146		2964		1653
3888		7146		1654
3801		3888		1655
9967		3801		1656
727		9967		1657
6757		727		1658
7993		6757		1659
9712		7993		1660
8654		9712		1661
2718		8654		1662
5470		2718		1663
2579		5470		1664
1578		2579		1665
6231		1578		1666
3042		6231		1667
9645		3042		1668
6876		9645		1669
9324		6876		1670
7888		9324		1671
7548		7888		1672
6194		7548		1673
2067		6194		1674
7966		2067		1675
2177		7966		1676
6988		2177		1677
9539		6988		1678
1318		9539		1679
9413		1318		1680
9651		9413		1681
7268		9651		1682
7027		7268		1683
4522		7027		1684
8497		4522		1685
3925		8497		1686
4109		3925		1687
6925		4109		1688
6208		6925		1689
327		6208		1690
1167		327		1691
2740		1167		1692
9483		2740		1693
1489		9483		1694
2008		1489		1695
7429		2008		1696
9664		7429		1697
960		9664		1698
8782		960		1699
7005		8782		1700
208		7005		1701
4665		208		1702
4872		4665		1703
6659		4872		1704
4564		6659		1705
1991		4564		1706
1816		1991		1707
546		1816		1708
4525		546		1709
3907		4525		1710
9035		3907		1711
8059		9035		1712
3544		8059		1713
7717		3544		1714
5551		7717		1715
2750		5551		1716
6361		2750		1717
8303		6361		1718
1482		8303		1719
8883		1482		1720
3886		8883		1721
105		3886		1722
3876		105		1723
3637		3876		1724
9066		3637		1725
6841		9066		1726
4415		6841		1727
8020		4415		1728
5438		8020		1729
7265		5438		1730
7773		7265		1731
27		7773		1732
7122		27		1733
7939		7122		1734
8759		7939		1735
6359		8759		1736
6728		6359		1737
1251		6728		1738
9132		1251		1739
2397		9132		1740
3892		2397		1741
7687		3892		1742
1415		7687		1743
2934		1415		1744
8156		2934		1745
693		8156		1746
6790		693		1747
6277		6790		1748
6284		6277		1749
3069		6284		1750
1075		3069		1751
2071		1075		1752
3206		2071		1753
9265		3206		1754
6152		9265		1755
7237		6152		1756
5439		7237		1757
9013		5439		1758
2538		9013		1759
551		2538		1760
572		551		1761
7605		572		1762
2544		7605		1763
1830		2544		1764
2275		1830		1765
3429		2275		1766
4620		3429		1767
9441		4620		1768
2566		9441		1769
9129		2566		1770
91		9129		1771
6642		91		1772
2836		6642		1773
9711		2836		1774
6402		9711		1775
2107		6402		1776
5936		2107		1777
6246		5936		1778
9892		6246		1779
7031		9892		1780
3029		7031		1781
9277		3029		1782
9005		9277		1783
5924		9005		1784
2046		5924		1785
9274		2046		1786
3208		9274		1787
8792		3208		1788
483		8792		1789
6297		483		1790
831		6297		1791
9552		831		1792
2371		9552		1793
4985		2371		1794
3747		4985		1795
2758		3747		1796
9344		2758		1797
3054		9344		1798
882		3054		1799
3511		882		1800
4765		3511		1801
2585		4765		1802
6181		2585		1803
7570		6181		1804
1016		7570		1805
5095		1016		1806
7401		5095		1807
2966		7401		1808
8700		2966		1809
2638		8700		1810
3478		2638		1811
3363		3478		1812
1234		3363		1813
3540		1234		1814
6902		3540		1815
811		6902		1816
5425		811		1817
5188		5425		1818
3346		5188		1819
1831		3346		1820
1869		1831		1821
2762		1869		1822
8762		2762		1823
8729		8762		1824
1622		8729		1825
5271		1622		1826
9384		5271		1827
3839		9384		1828
4403		3839		1829
199		4403		1830
2766		199		1831
2260		2766		1832
5208		2260		1833
8867		5208		1834
7364		8867		1835
5507		7364		1836
122		5507		1837
2284		122		1838
9772		2284		1839
2060		9772		1840
2330		2060		1841
6627		2330		1842
4410		6627		1843
1835		4410		1844
3715		1835		1845
455		3715		1846
6285		455		1847
3304		6285		1848
4932		3304		1849
2509		4932		1850
6024		2509		1851
5917		6024		1852
7435		5917		1853
7665		7435		1854
8014		7665		1855
9822		8014		1856
9920		9822		1857
6572		9920		1858
4532		6572		1859
2398		4532		1860
3166		2398		1861
1902		3166		1862
4526		1902		1863
2679		4526		1864
9412		2679		1865
8377		9412		1866
5419		8377		1867
6888		5419		1868
9222		6888		1869
7809		9222		1870
7331		7809		1871
5956		7331		1872
6574		5956		1873
6332		6574		1874
4338		6332		1875
3933		4338		1876
5437		3933		1877
1333		5437		1878
3232		1333		1879
765		3232		1880
2085		765		1881
8194		2085		1882
8147		8194		1883
2884		8147		1884
3239		2884		1885
7622		3239		1886
5884		7622		1887
3047		5884		1888
368		3047		1889
4941		368		1890
3947		4941		1891
9964		3947		1892
1610		9964		1893
4619		1610		1894
2455		4619		1895
6812		2455		1896
7549		6812		1897
7339		7549		1898
2018		7339		1899
6651		2018		1900
7591		6651		1901
219		7591		1902
5515		219		1903
4890		5515		1904
952		4890		1905
3023		952		1906
9512		3023		1907
6942		9512		1908
9813		6942		1909
8635		9813		1910
4835		8635		1911
793		4835		1912
9264		793		1913
3330		9264		1914
7162		3330		1915
7273		7162		1916
8027		7273		1917
6018		8027		1918
4718		6018		1919
655		4718		1920
2174		655		1921
3063		2174		1922
1119		3063		1923
8742		1119		1924
1828		8742		1925
7690		1828		1926
3827		7690		1927
2761		3827		1928
7251		2761		1929
1125		7251		1930
9047		1125		1931
8889		9047		1932
7612		8889		1933
7000		7612		1934
1257		7000		1935
2446		1257		1936
6434		2446		1937
545		6434		1938
8284		545		1939
5662		8284		1940
2891		5662		1941
4423		2891		1942
7212		4423		1943
285		7212		1944
4238		285		1945
347		4238		1946
120		347		1947
223		120		1948
1209		223		1949
2882		1209		1950
7534		2882		1951
1851		7534		1952
740		1851		1953
4730		740		1954
7995		4730		1955
8467		7995		1956
6403		8467		1957
4565		6403		1958
4561		4565		1959
4991		4561		1960
9224		4991		1961
1694		9224		1962
6323		1694		1963
3697		6323		1964
8615		3697		1965
8354		8615		1966
9691		8354		1967
6444		9691		1968
3957		6444		1969
4778		3957		1970
2241		4778		1971
3505		2241		1972
3729		3505		1973
2774		3729		1974
5189		2774		1975
4861		5189		1976
4952		4861		1977
6606		4952		1978
435		6606		1979
4796		435		1980
2334		4796		1981
6330		2334		1982
9607		6330		1983
9485		9607		1984
8092		9485		1985
2249		8092		1986
6800		2249		1987
4686		6800		1988
6106		4686		1989
2768		6106		1990
544		2768		1991
612		544		1992
8157		612		1993
1550		8157		1994
1582		1550		1995
2355		1582		1996
3393		2355		1997
3641		3393		1998
1201		3641		1999
5587		1201		2000
2522		5587		2001
7597		2522		2002
5361		7597		2003
4867		5361		2004
4505		4867		2005
6694		4505		2006
3306		6694		2007
6366		3306		2008
7758		6366		2009
7986		7758		2010
1145		7986		2011
241		1145		2012
3076		241		2013
2571		3076		2014
8795		2571		2015
7072		8795		2016
715		7072		2017
1528		715		2018
8859		1528		2019
6516		8859		2020
2521		6516		2021
5861		2521		2022
4443		5861		2023
7811		4443		2024
8969		7811		2025
8235		8969		2026
3971		8235		2027
2023		3971		2028
6156		2023		2029
8241		6156		2030
3089		8241		2031
8457		3089		2032
2813		8457		2033
6719		2813		2034
2290		6719		2035
3457		2290		2036
3846		3457		2037
4702		3846		2038
2800		4702		2039
8071		2800		2040
1403		8071		2041
1761		1403		2042
7219		1761		2043
6445		7219		2044
7772		6445		2045
1751		7772		2046
8088		1751		2047
9297		8088		2048
101		9297		2049
8384		101		2050
2378		8384		2051
855		2378		2052
9155		855		2053
6400		9155		2054
9878		6400		2055
1362		9878		2056
857		1362		2057
8035		857		2058
4996		8035		2059
2506		4996		2060
7380		2506		2061
6380		7380		2062
8002		6380		2063
6060		8002		2064
9463		6060		2065
1527		9463		2066
1088		1527		2067
8693		1088		2068
1581		8693		2069
3717		1581		2070
5207		3717		2071
4650		5207		2072
9572		4650		2073
2072		9572		2074
8860		2072		2075
5830		8860		2076
5756		5830		2077
4545		5756		2078
1501		4545		2079
9703		1501		2080
6304		9703		2081
1848		6304		2082
320		1848		2083
9798		320		2084
5211		9798		2085
1478		5211		2086
7185		1478		2087
1682		7185		2088
3769		1682		2089
2124		3769		2090
1411		2124		2091
9551		1411		2092
6815		9551		2093
3884		6815		2094
4103		3884		2095
9063		4103		2096
5132		9063		2097
7825		5132		2098
8203		7825		2099
1225		8203		2100
2920		1225		2101
7497		2920		2102
8869		7497		2103
7216		8869		2104
7204		7216		2105
9511		7204		2106
3887		9511		2107
3010		3887		2108
3696		3010		2109
7049		3696		2110
5506		7049		2111
2883		5506		2112
9322		2883		2113
2620		9322		2114
3261		2620		2115
4465		3261		2116
1799		4465		2117
2424		1799		2118
8446		2424		2119
3348		8446		2120
9500		3348		2121
6775		9500		2122
1507		6775		2123
7844		1507		2124
3005		7844		2125
3041		3005		2126
841		3041		2127
3297		841		2128
3465		3297		2129
8125		3465		2130
1784		8125		2131
6937		1784		2132
6909		6937		2133
5181		6909		2134
6032		5181		2135
6255		6032		2136
5034		6255		2137
4050		5034		2138
4563		4050		2139
6325		4563		2140
3945		6325		2141
1624		3945		2142
2996		1624		2143
2384		2996		2144
4390		2384		2145
2784		4390		2146
7968		2784		2147
3808		7968		2148
6754		3808		2149
5688		6754		2150
6850		5688		2151
1909		6850		2152
4019		1909		2153
3593		4019		2154
7617		3593		2155
712		7617		2156
5337		712		2157
5905		5337		2158
3513		5905		2159
3145		3513		2160
6571		3145		2161
5511		6571		2162
7686		5511		2163
4527		7686		2164
6062		4527		2165
2828		6062		2166
9122		2828		2167
8479		9122		2168
1313		8479		2169
7397		1313		2170
4533		7397		2171
3077		4533		2172
4659		3077		2173
1230		4659		2174
9382		1230		2175
7096		9382		2176
5673		7096		2177
1802		5673		2178
8698		1802		2179
1421		8698		2180
2586		1421		2181
7156		2586		2182
1524		7156		2183
2880		1524		2184
8921		2880		2185
8093		8921		2186
879		8093		2187
9008		879		2188
5647		9008		2189
2296		5647		2190
8911		2296		2191
2789		8911		2192
8230		2789		2193
1997		8230		2194
7829		1997		2195
9791		7829		2196
4157		9791		2197
6070		4157		2198
9177		6070		2199
1285		9177		2200
3097		1285		2201
6992		3097		2202
1046		6992		2203
4160		1046		2204
8010		4160		2205
2250		8010		2206
7007		2250		2207
151		7007		2208
5200		151		2209
7217		5200		2210
3618		7217		2211
7432		3618		2212
4732		7432		2213
4258		4732		2214
3962		4258		2215
1302		3962		2216
1873		1302		2217
4841		1873		2218
7760		4841		2219
6623		7760		2220
3986		6623		2221
5158		3986		2222
9387		5158		2223
1637		9387		2224
2792		1637		2225
6494		2792		2226
4874		6494		2227
615		4874		2228
203		615		2229
8130		203		2230
2874		8130		2231
9447		2874		2232
5628		9447		2233
8432		5628		2234
577		8432		2235
5951		577		2236
2529		5951		2237
1076		2529		2238
9867		1076		2239
3394		9867		2240
6713		3394		2241
9864		6713		2242
3104		9864		2243
4064		3104		2244
5521		4064		2245
2846		5521		2246
5937		2846		2247
4335		5937		2248
9125		4335		2249
4215		9125		2250
6843		4215		2251
5190		6843		2252
895		5190		2253
962		895		2254
9269		962		2255
3376		9269		2256
6807		3376		2257
9400		6807		2258
2327		9400		2259
8177		2327		2260
5597		8177		2261
8533		5597		2262
8553		8533		2263
9611		8553		2264
2841		9611		2265
4159		2841		2266
5290		4159		2267
6256		5290		2268
8543		6256		2269
9957		8543		2270
3789		9957		2271
8727		3789		2272
8959		8727		2273
498		8959		2274
2145		498		2275
1452		2145		2276
5897		1452		2277
9205		5897		2278
6001		9205		2279
3777		6001		2280
5925		3777		2281
9917		5925		2282
8816		9917		2283
9407		8816		2284
9524		9407		2285
3709		9524		2286
7010		3709		2287
8399		7010		2288
1083		8399		2289
8733		1083		2290
682		8733		2291
8537		682		2292
3115		8537		2293
1138		3115		2294
1423		1138		2295
2808		1423		2296
7056		2808		2297
7228		7056		2298
4191		7228		2299
1686		4191		2300
6025		1686		2301
6071		6025		2302
8666		6071		2303
8632		8666		2304
2306		8632		2305
3213		2306		2306
9119		3213		2307
1404		9119		2308
222		1404		2309
5678		222		2310
3988		5678		2311
4790		3988		2312
9642		4790		2313
2903		9642		2314
652		2903		2315
867		652		2316
1792		867		2317
2942		1792		2318
5102		2942		2319
7374		5102		2320
2451		7374		2321
9320		2451		2322
2720		9320		2323
1493		2720		2324
6404		1493		2325
8777		6404		2326
8856		8777		2327
3391		8856		2328
1619		3391		2329
4879		1619		2330
3280		4879		2331
9563		3280		2332
8588		9563		2333
3656		8588		2334
5070		3656		2335
6161		5070		2336
6839		6161		2337
2991		6839		2338
9832		2991		2339
8927		9832		2340
4000		8927		2341
1538		4000		2342
4638		1538		2343
3102		4638		2344
8329		3102		2345
1713		8329		2346
5978		1713		2347
5610		5978		2348
5643		5610		2349
9364		5643		2350
3362		9364		2351
2185		3362		2352
6357		2185		2353
3093		6357		2354
8705		3093		2355
3071		8705		2356
8456		3071		2357
2754		8456		2358
9547		2754		2359
3137		9547		2360
8616		3137		2361
9935		8616		2362
4859		9935		2363
1847		4859		2364
3175		1847		2365
6483		3175		2366
8686		6483		2367
3143		8686		2368
279		3143		2369
5382		279		2370
1256		5382		2371
1179		1256		2372
252		1179		2373
1070		252		2374
5777		1070		2375
6086		5777		2376
6975		6086		2377
3599		6975		2378
8758		3599		2379
306		8758		2380
5707		306		2381
9576		5707		2382
947		9576		2383
1462		947		2384
3416		1462		2385
9369		3416		2386
4143		9369		2387
2011		4143		2388
631		2011		2389
7524		631		2390
940		7524		2391
2393		940		2392
4773		2393		2393
6128		4773		2394
417		6128		2395
7594		417		2396
359		7594		2397
9110		359		2398
2022		9110		2399
7443		2022		2400
7470		7443		2401
650		7470		2402
1212		650		2403
7109		1212		2404
9231		7109		2405
2200		9231		2406
3509		2200		2407
2551		3509		2408
884		2551		2409
5611		884		2410
1084		5611		2411
5251		1084		2412
4376		5251		2413
467		4376		2414
4158		467		2415
1648		4158		2416
5789		1648		2417
7312		5789		2418
747		7312		2419
4757		747		2420
2818		4757		2421
5291		2818		2422
5630		5291		2423
7521		5630		2424
1163		7521		2425
2930		1163		2426
9751		2930		2427
816		9751		2428
675		816		2429
6851		675		2430
5654		6851		2431
4776		5654		2432
8663		4776		2433
5380		8663		2434
5763		5380		2435
5225		5763		2436
5722		5225		2437
1756		5722		2438
6836		1756		2439
3294		6836		2440
7148		3294		2441
1407		7148		2442
6665		1407		2443
3254		6665		2444
1502		3254		2445
4214		1502		2446
2110		4214		2447
1372		2110		2448
7277		1372		2449
8845		7277		2450
8800		8845		2451
1834		8800		2452
8151		1834		2453
767		8151		2454
497		767		2455
3538		497		2456
2299		3538		2457
8621		2299		2458
9433		8621		2459
1454		9433		2460
9123		1454		2461
7456		9123		2462
92		7456		2463
8532		92		2464
573		8532		2465
936		573		2466
7436		936		2467
4002		7436		2468
5218		4002		2469
963		5218		2470
8746		963		2471
16		8746		2472
3853		16		2473
7055		3853		2474
9211		7055		2475
1013		9211		2476
5892		1013		2477
4262		5892		2478
7744		4262		2479
408		7744		2480
7712		408		2481
3484		7712		2482
787		3484		2483
340		787		2484
6088		340		2485
6782		6088		2486
1279		6782		2487
2256		1279		2488
6157		2256		2489
9803		6157		2490
5112		9803		2491
1608		5112		2492
3981		1608		2493
5254		3981		2494
3787		5254		2495
8509		3787		2496
7861		8509		2497
4380		7861		2498
1638		4380		2499
9915		1638		2500
9601		9915		2501
8441		9601		2502
7885		8441		2503
5061		7885		2504
5533		5061		2505
1690		5533		2506
6862		1690		2507
4566		6862		2508
5545		4566		2509
2365		5545		2510
5484		2365		2511
6780		5484		2512
9571		6780		2513
8515		9571		2514
6093		8515		2515
9466		6093		2516
6991		9466		2517
8124		6991		2518
4446		8124		2519
6772		4446		2520
5524		6772		2521
2010		5524		2522
6510		2010		2523
243		6510		2524
1204		243		2525
6835		1204		2526
2472		6835		2527
314		2472		2528
5586		314		2529
330		5586		2530
5874		330		2531
5282		5874		2532
4911		5282		2533
4186		4911		2534
8250		4186		2535
807		8250		2536
538		807		2537
5898		538		2538
8976		5898		2539
178		8976		2540
8799		178		2541
8096		8799		2542
8406		8096		2543
5664		8406		2544
3966		5664		2545
7976		3966		2546
9475		7976		2547
4719		9475		2548
1334		4719		2549
3242		1334		2550
5796		3242		2551
1845		5796		2552
7191		1845		2553
8364		7191		2554
8344		8364		2555
4605		8344		2556
8116		4605		2557
8044		8116		2558
9341		8044		2559
2788		9341		2560
4956		2788		2561
7259		4956		2562
5405		7259		2563
7439		5405		2564
7451		7439		2565
984		7451		2566
6503		984		2567
7587		6503		2568
4047		7587		2569
3359		4047		2570
7903		3359		2571
6881		7903		2572
714		6881		2573
7786		714		2574
561		7786		2575
5669		561		2576
8917		5669		2577
4981		8917		2578
3663		4981		2579
3160		3663		2580
4339		3160		2581
5939		4339		2582
1057		5939		2583
9146		1057		2584
5295		9146		2585
8268		5295		2586
3172		8268		2587
2735		3172		2588
6407		2735		2589
2614		6407		2590
571		2614		2591
4069		571		2592
1989		4069		2593
195		1989		2594
9585		195		2595
5865		9585		2596
8008		5865		2597
7743		8008		2598
9812		7743		2599
5880		9812		2600
5125		5880		2601
9136		5125		2602
2781		9136		2603
5612		2781		2604
8001		5612		2605
9939		8001		2606
6520		9939		2607
2584		6520		2608
6460		2584		2609
3901		6460		2610
8541		3901		2611
915		8541		2612
3929		915		2613
3722		3929		2614
6926		3722		2615
7024		6926		2616
6890		7024		2617
4970		6890		2618
3590		4970		2619
4698		3590		2620
6292		4698		2621
3516		6292		2622
8647		3516		2623
4823		8647		2624
7654		4823		2625
9875		7654		2626
9974		9875		2627
2598		9974		2628
4142		2598		2629
5641		4142		2630
6313		5641		2631
6567		6313		2632
6885		6567		2633
893		6885		2634
2713		893		2635
9290		2713		2636
5614		9290		2637
262		5614		2638
5082		262		2639
1667		5082		2640
6091		1667		2641
1623		6091		2642
8168		1623		2643
9170		8168		2644
5472		9170		2645
254		5472		2646
3162		254		2647
5847		3162		2648
9203		5847		2649
1091		9203		2650
9911		1091		2651
996		9911		2652
8021		996		2653
6409		8021		2654
1689		6409		2655
5478		1689		2656
9442		5478		2657
9335		9442		2658
6929		9335		2659
5130		6929		2660
2651		5130		2661
5035		2651		2662
7914		5035		2663
9102		7914		2664
4538		9102		2665
1590		4538		2666
2595		1590		2667
8098		2595		2668
2791		8098		2669
9945		2791		2670
8518		9945		2671
6808		8518		2672
316		6808		2673
4964		316		2674
2242		4964		2675
7892		2242		2676
1464		7892		2677
3708		1464		2678
1047		3708		2679
2329		1047		2680
357		2329		2681
8761		357		2682
8319		8761		2683
4813		8319		2684
1846		4813		2685
4253		1846		2686
5497		4253		2687
4572		5497		2688
5561		4572		2689
9533		5561		2690
8472		9533		2691
560		8472		2692
3949		560		2693
8464		3949		2694
9152		8464		2695
4131		9152		2696
9252		4131		2697
7433		9252		2698
8413		7433		2699
2043		8413		2700
9041		2043		2701
8363		9041		2702
5311		8363		2703
2787		5311		2704
2221		2787		2705
96		2221		2706
4814		96		2707
5363		4814		2708
4350		5363		2709
3165		4350		2710
2151		3165		2711
7777		2151		2712
4908		7777		2713
259		4908		2714
8135		259		2715
9503		8135		2716
4744		9503		2717
3795		4744		2718
3150		3795		2719
9158		3150		2720
3791		9158		2721
3852		3791		2722
8081		3852		2723
5390		8081		2724
7092		5390		2725
2335		7092		2726
2084		2335		2727
2318		2084		2728
1249		2318		2729
7210		1249		2730
5322		7210		2731
4685		5322		2732
1050		4685		2733
9141		1050		2734
5474		9141		2735
8659		5474		2736
1561		8659		2737
9534		1561		2738
5136		9534		2739
1861		5136		2740
9660		1861		2741
7389		9660		2742
8979		7389		2743
1470		8979		2744
4245		1470		2745
7126		4245		2746
5731		7126		2747
4904		5731		2748
3615		4904		2749
3786		3615		2750
1224		3786		2751
2106		1224		2752
8524		2106		2753
2009		8524		2754
2952		2009		2755
751		2952		2756
5479		751		2757
1806		5479		2758
2395		1806		2759
8863		2395		2760
2558		8863		2761
4359		2558		2762
143		4359		2763
5982		143		2764
9349		5982		2765
658		9349		2766
7441		658		2767
8527		7441		2768
2500		8527		2769
3564		2500		2770
4268		3564		2771
2429		4268		2772
1783		2429		2773
4168		1783		2774
8099		4168		2775
8802		8099		2776
609		8802		2777
6924		609		2778
8599		6924		2779
378		8599		2780
1275		378		2781
2745		1275		2782
3469		2745		2783
428		3469		2784
9698		428		2785
9646		9698		2786
2993		9646		2787
7630		2993		2788
1988		7630		2789
1874		1988		2790
242		1874		2791
5516		242		2792
4151		5516		2793
4493		4151		2794
8139		4493		2795
1479		8139		2796
6225		1479		2797
4055		6225		2798
921		4055		2799
7979		921		2800
553		7979		2801
1733		553		2802
8634		1733		2803
7140		8634		2804
528		7140		2805
8825		528		2806
6821		8825		2807
1754		6821		2808
1565		1754		2809
6362		1565		2810
7367		6362		2811
6486		7367		2812
1481		6486		2813
2115		1481		2814
5759		2115		2815
9423		5759		2816
3299		9423		2817
9989		3299		2818
8005		9989		2819
4310		8005		2820
2926		4310		2821
6169		2926		2822
5804		6169		2823
8231		5804		2824
5392		8231		2825
115		5392		2826
6755		115		2827
8277		6755		2828
9909		8277		2829
9171		9909		2830
7679		9171		2831
1449		7679		2832
7987		1449		2833
1022		7987		2834
5272		1022		2835
8271		5272		2836
6057		8271		2837
7642		6057		2838
754		7642		2839
5471		754		2840
6687		5471		2841
4884		6687		2842
3984		4884		2843
2082		3984		2844
9955		2082		2845
5246		9955		2846
4413		5246		2847
4372		4413		2848
6749		4372		2849
3809		6749		2850
7668		3809		2851
1301		7668		2852
7778		1301		2853
465		7778		2854
3595		465		2855
3338		3595		2856
9293		3338		2857
6632		9293		2858
1893		6632		2859
2052		1893		2860
9842		2052		2861
1514		9842		2862
3200		1514		2863
5197		3200		2864
5455		5197		2865
1327		5455		2866
1235		1327		2867
5396		1235		2868
7170		5396		2869
8487		7170		2870
4567		8487		2871
288		4567		2872
5600		288		2873
1262		5600		2874
3716		1262		2875
3811		3716		2876
3778		3811		2877
4044		3778		2878
1215		4044		2879
3112		1215		2880
619		3112		2881
6787		619		2882
2701		6787		2883
8967		2701		2884
7495		8967		2885
6590		7495		2886
7616		6590		2887
5366		7616		2888
193		5366		2889
4743		193		2890
2208		4743		2891
7735		2208		2892
1231		7735		2893
1127		1231		2894
1247		1127		2895
5001		1247		2896
37		5001		2897
6022		37		2898
4610		6022		2899
168		4610		2900
6872		168		2901
7391		6872		2902
998		7391		2903
9881		998		2904
9456		9881		2905
8211		9456		2906
3396		8211		2907
7927		3396		2908
9823		7927		2909
3370		9823		2910
2263		3370		2911
2850		2263		2912
4639		2850		2913
8043		4639		2914
2204		8043		2915
1774		2204		2916
6042		1774		2917
1833		6042		2918
3818		1833		2919
7876		3818		2920
8004		7876		2921
9092		8004		2922
6550		9092		2923
4230		6550		2924
2726		4230		2925
1517		2726		2926
6699		1517		2927
6847		6699		2928
5938		6847		2929
5350		5938		2930
9592		5350		2931
1379		9592		2932
3728		1379		2933
2990		3728		2934
7047		2990		2935
864		7047		2936
5717		864		2937
5534		5717		2938
2031		5534		2939
4284		2031		2940
5486		4284		2941
7152		5486		2942
2104		7152		2943
6411		2104		2944
5301		6411		2945
4071		5301		2946
9282		4071		2947
3836		9282		2948
5307		3836		2949
6562		5307		2950
784		6562		2951
1906		784		2952
8234		1906		2953
3982		8234		2954
2645		3982		2955
1620		2645		2956
4673		1620		2957
6222		4673		2958
9486		6222		2959
746		9486		2960
8448		746		2961
9794		8448		2962
7477		9794		2963
4672		7477		2964
3154		4672		2965
9031		3154		2966
7314		9031		2967
8007		7314		2968
3506		8007		2969
9521		3506		2970
8756		9521		2971
235		8756		2972
2313		235		2973
3216		2313		2974
9109		3216		2975
6955		9109		2976
2518		6955		2977
8741		2518		2978
5512		8741		2979
1994		5512		2980
5488		1994		2981
2965		5488		2982
5942		2965		2983
6290		5942		2984
3256		6290		2985
913		3256		2986
1915		913		2987
2580		1915		2988
3058		2580		2989
4489		3058		2990
2267		4489		2991
880		2267		2992
2639		880		2993
4849		2639		2994
3128		4849		2995
4114		3128		2996
5720		4114		2997
3922		5720		2998
724		3922		2999
2090		724		3000
7048		2090		3001
8412		7048		3002
4800		8412		3003
4942		4800		3004
6980		4942		3005
8882		6980		3006
71		8882		3007
9428		71		3008
7236		9428		3009
9556		7236		3010
7040		9556		3011
3485		7040		3012
4316		3485		3013
3687		4316		3014
3894		3687		3015
4056		3894		3016
6477		4056		3017
6803		6477		3018
9647		6803		3019
9527		9647		3020
9276		9527		3021
4701		9276		3022
9862		4701		3023
1612		9862		3024
2550		1612		3025
7426		2550		3026
2948		7426		3027
2967		2948		3028
8146		2967		3029
1551		8146		3030
4416		1551		3031
231		4416		3032
2406		231		3033
3219		2406		3034
2196		3219		3035
4559		2196		3036
7977		4559		3037
4361		7977		3038
6241		4361		3039
7596		6241		3040
3397		7596		3041
6583		3397		3042
7813		6583		3043
7006		7813		3044
5398		7006		3045
621		5398		3046
6451		621		3047
8920		6451		3048
9049		8920		3049
733		9049		3050
4011		733		3051
4987		4011		3052
2898		4987		3053
9300		2898		3054
3749		9300		3055
7742		3749		3056
8781		7742		3057
3964		8781		3058
7695		3964		3059
1189		7695		3060
4542		1189		3061
4625		4542		3062
136		4625		3063
8216		136		3064
9074		8216		3065
6048		9074		3066
5926		6048		3067
2159		5926		3068
5348		2159		3069
2723		5348		3070
2643		2723		3071
3020		2643		3072
5039		3020		3073
5871		5039		3074
6213		5871		3075
9685		6213		3076
819		9685		3077
2671		819		3078
9874		2671		3079
1032		9874		3080
1240		1032		3081
8058		1240		3082
7607		8058		3083
2812		7607		3084
1723		2812		3085
6084		1723		3086
258		6084		3087
3873		258		3088
4608		3873		3089
3037		4608		3090
8082		3037		3091
4898		8082		3092
7704		4898		3093
2672		7704		3094
2905		2672		3095
5030		2905		3096
8149		5030		3097
8568		8149		3098
1609		8568		3099
8957		1609		3100
8445		8957		3101
681		8445		3102
4795		681		3103
2797		4795		3104
5274		2797		3105
7440		5274		3106
523		7440		3107
4963		523		3108
8820		4963		3109
3263		8820		3110
1063		3263		3111
7558		1063		3112
9856		7558		3113
5754		9856		3114
610		5754		3115
3122		610		3116
1369		3122		3117
294		1369		3118
9586		294		3119
6369		9586		3120
4886		6369		3121
1399		4886		3122
4451		1399		3123
2738		4451		3124
8905		2738		3125
6394		8905		3126
9017		6394		3127
815		9017		3128
5401		815		3129
4600		5401		3130
3619		4600		3131
9098		3619		3132
57		9098		3133
789		57		3134
2867		789		3135
144		2867		3136
966		144		3137
3944		966		3138
748		3944		3139
8111		748		3140
7657		8111		3141
1380		7657		3142
6021		1380		3143
8006		6021		3144
5633		8006		3145
992		5633		3146
587		992		3147
1937		587		3148
3673		1937		3149
7551		3673		3150
273		7551		3151
6138		273		3152
1498		6138		3153
75		1498		3154
7936		75		3155
5178		7936		3156
42		5178		3157
4925		42		3158
5639		4925		3159
7371		5639		3160
5022		7371		3161
8142		5022		3162
9756		8142		3163
8407		9756		3164
6479		8407		3165
5378		6479		3166
7238		5378		3167
1540		7238		3168
4626		1540		3169
1885		4626		3170
3638		1885		3171
8681		3638		3172
1506		8681		3173
2632		1506		3174
668		2632		3175
4460		668		3176
4955		4460		3177
4074		4955		3178
6522		4074		3179
9167		6522		3180
8763		9167		3181
5093		8763		3182
4817		5093		3183
3404		4817		3184
6000		3404		3185
8703		6000		3186
8740		8703		3187
8152		8740		3188
8296		8152		3189
8542		8296		3190
7360		8542		3191
3351		7360		3192
7989		3351		3193
32		7989		3194
6538		32		3195
7708		6538		3196
9536		7708		3197
9253		9536		3198
8738		9253		3199
4848		8738		3200
8404		4848		3201
5138		8404		3202
5422		5138		3203
3178		5422		3204
2030		3178		3205
3916		2030		3206
3979		3916		3207
7037		3979		3208
5003		7037		3209
7817		5003		3210
422		7817		3211
5074		422		3212
972		5074		3213
2830		972		3214
9894		2830		3215
926		9894		3216
7685		926		3217
6200		7685		3218
1401		6200		3219
9191		1401		3220
4933		9191		3221
1925		4933		3222
9979		1925		3223
814		9979		3224
6198		814		3225
3855		6198		3226
2383		3855		3227
280		2383		3228
3467		280		3229
6677		3467		3230
825		6677		3231
9960		825		3232
5805		9960		3233
9924		5805		3234
8775		9924		3235
869		8775		3236
9096		869		3237
608		9096		3238
8017		608		3239
9053		8017		3240
9250		9053		3241
4088		9250		3242
6327		4088		3243
4384		6327		3244
411		4384		3245
7375		411		3246
4916		7375		3247
6894		4916		3248
7325		6894		3249
896		7325		3250
9657		896		3251
9928		9657		3252
7716		9928		3253
8012		7716		3254
8687		8012		3255
8981		8687		3256
7723		8981		3257
3959		7723		3258
3012		3959		3259
6822		3012		3260
3820		6822		3261
5020		3820		3262
4810		5020		3263
8181		4810		3264
2056		8181		3265
6941		2056		3266
2049		6941		3267
8339		2049		3268
6190		8339		3269
8595		6190		3270
5836		8595		3271
1455		5836		3272
2341		1455		3273
1983		2341		3274
245		1983		3275
7390		245		3276
49		7390		3277
6326		49		3278
8189		6326		3279
3051		8189		3280
3488		3051		3281
8649		3488		3282
5857		8649		3283
8315		5857		3284
985		8315		3285
4194		985		3286
3972		4194		3287
2262		3972		3288
4325		2262		3289
5860		4325		3290
4759		5860		3291
2436		4759		3292
7104		2436		3293
1512		7104		3294
5797		1512		3295
4714		5797		3296
6833		4714		3297
7455		6833		3298
44		7455		3299
3033		44		3300
662		3033		3301
2992		662		3302
191		2992		3303
596		191		3304
9605		596		3305
2648		9605		3306
9857		2648		3307
6302		9857		3308
4832		6302		3309
3798		4832		3310
6940		3798		3311
8776		6940		3312
4467		8776		3313
8317		4467		3314
9057		8317		3315
1817		9057		3316
3650		1817		3317
8489		3650		3318
6026		8489		3319
1139		6026		3320
5235		1139		3321
384		5235		3322
2528		384		3323
4816		2528		3324
7402		4816		3325
4414		7402		3326
9515		4414		3327
1559		9515		3328
6390		1559		3329
6884		6390		3330
3193		6884		3331
9886		3193		3332
956		9886		3333
6806		956		3334
8918		6806		3335
3315		8918		3336
2160		3315		3337
4624		2160		3338
9389		4624		3339
8187		9389		3340
2773		8187		3341
6733		2773		3342
8046		6733		3343
4924		8046		3344
8978		4924		3345
6207		8978		3346
7134		6207		3347
1280		7134		3348
348		1280		3349
1541		348		3350
4204		1541		3351
9903		4204		3352
2514		9903		3353
539		2514		3354
4053		539		3355
6667		4053		3356
1066		6667		3357
7422		1066		3358
2554		7422		3359
5483		2554		3360
5108		5483		3361
7890		5108		3362
3389		7890		3363
1534		3389		3364
8951		1534		3365
8379		8951		3366
4611		8379		3367
2722		4611		3368
1547		2722		3369
4645		1547		3370
5954		4645		3371
7858		5954		3372
5066		7858		3373
2686		5066		3374
4444		2686		3375
9910		4444		3376
4426		9910		3377
5575		4426		3378
8513		5575		3379
8438		8513		3380
7694		8438		3381
9638		7694		3382
1382		9638		3383
8958		1382		3384
2021		8958		3385
9520		2021		3386
980		9520		3387
9345		980		3388
2480		9345		3389
2295		2480		3390
7285		2295		3391
7203		7285		3392
982		7203		3393
3233		982		3394
9427		3233		3395
152		9427		3396
5149		152		3397
1443		5149		3398
6579		1443		3399
5303		6579		3400
9180		5303		3401
3302		9180		3402
2219		3302		3403
9385		2219		3404
1328		9385		3405
8343		1328		3406
4424		8343		3407
4720		4424		3408
5123		4720		3409
8185		5123		3410
6539		8185		3411
6040		6539		3412
3356		6040		3413
1296		3356		3414
3072		1296		3415
5783		3072		3416
7387		5783		3417
2526		7387		3418
3937		2526		3419
8143		3937		3420
1271		8143		3421
5809		1271		3422
8126		5809		3423
5822		8126		3424
6542		5822		3425
5377		6542		3426
8590		5377		3427
9233		8590		3428
2461		9233		3429
2370		2461		3430
9238		2370		3431
3358		9238		3432
8461		3358		3433
2255		8461		3434
623		2255		3435
2265		623		3436
2916		2265		3437
1391		2916		3438
9212		1391		3439
1052		9212		3440
9978		1052		3441
8892		9978		3442
2760		8892		3443
7294		2760		3444
2848		7294		3445
8274		2848		3446
3764		8274		3447
5060		3764		3448
3158		5060		3449
2576		3158		3450
1289		2576		3451
9675		1289		3452
9932		9675		3453
7824		9932		3454
4549		7824		3455
3732		4549		3456
5248		3732		3457
1522		5248		3458
2637		1522		3459
7180		2637		3460
9130		7180		3461
3060		9130		3462
36		3060		3463
9648		36		3464
688		9648		3465
7296		688		3466
8906		7296		3467
5853		8906		3468
8936		5853		3469
3455		8936		3470
873		3455		3471
7304		873		3472
4254		7304		3473
8504		4254		3474
3278		8504		3475
9949		3278		3476
5510		9949		3477
1910		5510		3478
2695		1910		3479
7702		2695		3480
8751		7702		3481
1812		8751		3482
5175		1812		3483
1497		5175		3484
5011		1497		3485
240		5011		3486
436		240		3487
8030		436		3488
171		8030		3489
4026		171		3490
2346		4026		3491
3807		2346		3492
9436		3807		3493
7117		9436		3494
3935		7117		3495
9896		3935		3496
4520		9896		3497
5882		4520		3498
2854		5882		3499
4400		2854		3500
2879		4400		3501
4463		2879		3502
744		4463		3503
3024		744		3504
7556		3024		3505
2172		7556		3506
3383		2172		3507
4029		3383		3508
451		4029		3509
3277		451		3510
8494		3277		3511
7272		8494		3512
8835		7272		3513
1676		8835		3514
585		1676		3515
8631		585		3516
3520		8631		3517
7241		3520		3518
3285		7241		3519
9036		3285		3520
4023		9036		3521
5285		4023		3522
5024		5285		3523
4690		5024		3524
3588		4690		3525
3639		3588		3526
6767		3639		3527
2546		6767		3528
9495		2546		3529
5249		9495		3530
5238		5249		3531
3028		5238		3532
4775		3028		3533
1900		4775		3534
2680		1900		3535
204		2680		3536
8160		204		3537
5821		8160		3538
9708		5821		3539
4636		9708		3540
8221		4636		3541
9821		8221		3542
2302		9821		3543
9403		2302		3544
484		9403		3545
5824		484		3546
5700		5824		3547
1666		5700		3548
9363		1666		3549
1824		9363		3550
2362		1824		3551
7254		2362		3552
1246		7254		3553
1675		1246		3554
2824		1675		3555
2074		2824		3556
7541		2074		3557
7726		7541		3558
3840		7726		3559
1747		3840		3560
1532		1747		3561
8607		1532		3562
4713		8607		3563
900		4713		3564
9120		900		3565
2861		9120		3566
1155		2861		3567
4763		1155		3568
7539		4763		3569
8789		7539		3570
2644		8789		3571
1273		2644		3572
9963		1273		3573
582		9963		3574
2229		582		3575
9003		2229		3576
8871		9003		3577
8331		8871		3578
6092		8331		3579
4847		6092		3580
4173		4847		3581
5417		4173		3582
6397		5417		3583
4918		6397		3584
260		4918		3585
356		260		3586
7225		356		3587
9519		7225		3588
9721		9519		3589
9502		9721		3590
7403		9502		3591
4568		7403		3592
1300		4568		3593
9499		1300		3594
5504		9499		3595
3495		5504		3596
6877		3495		3597
9174		6877		3598
8393		9174		3599
2246		8393		3600
2971		2246		3601
592		2971		3602
2130		592		3603
8346		2130		3604
7519		8346		3605
3653		7519		3606
6549		3653		3607
7785		6549		3608
4092		7785		3609
7201		4092		3610
3625		7201		3611
4972		3625		3612
1194		4972		3613
8105		1194		3614
2592		8105		3615
4212		2592		3616
43		4212		3617
1707		43		3618
2748		1707		3619
1695		2748		3620
909		1695		3621
1065		909		3622
4676		1065		3623
5098		4676		3624
9773		5098		3625
5712		9773		3626
6527		5712		3627
7319		6527		3628
350		7319		3629
3295		350		3630
3466		3295		3631
8378		3466		3632
8486		8378		3633
4746		8486		3634
3444		4746		3635
6384		3444		3636
1177		6384		3637
6620		1177		3638
6796		6620		3639
6049		6796		3640
1195		6049		3641
1519		1195		3642
5210		1519		3643
6257		5210		3644
4784		6257		3645
2831		4784		3646
9278		2831		3647
8824		9278		3648
8449		8824		3649
7099		8449		3650
6365		7099		3651
9518		6365		3652
3940		9518		3653
7278		3940		3654
4871		7278		3655
7581		4871		3656
1034		7581		3657
7399		1034		3658
3001		7399		3659
1033		3001		3660
9635		1033		3661
6557		9635		3662
7062		6557		3663
7258		7062		3664
9301		7258		3665
6813		9301		3666
9735		6813		3667
5790		9735		3668
3142		5790		3669
88		3142		3670
8672		88		3671
7610		8672		3672
1700		7610		3673
5946		1700		3674
2870		5946		3675
3055		2870		3676
1048		3055		3677
7698		1048		3678
5552		7698		3679
6736		5552		3680
7689		6736		3681
3534		7689		3682
3065		3534		3683
3563		3065		3684
4837		3563		3685
4553		4837		3686
2270		4553		3687
8864		2270		3688
7103		8864		3689
3678		7103		3690
7878		3678		3691
9579		7878		3692
7871		9579		3693
6906		7871		3694
6986		6906		3695
686		6986		3696
6044		686		3697
1892		6044		3698
5279		1892		3699
1406		5279		3700
755		1406		3701
6288		755		3702
7355		6288		3703
4236		7355		3704
4936		4236		3705
7507		4936		3706
527		7507		3707
8514		527		3708
1102		8514		3709
9510		1102		3710
2931		9510		3711
8249		2931		3712
8169		8249		3713
3841		8169		3714
7188		3841		3715
1912		7188		3716
8460		1912		3717
1473		8460		3718
8937		1473		3719
3067		8937		3720
5226		3067		3721
185		5226		3722
5603		185		3723
3660		5603		3724
9946		3660		3725
5833		9946		3726
5806		5833		3727
8429		5806		3728
2951		8429		3729
2751		2951		3730
450		2751		3731
7862		450		3732
9747		7862		3733
6723		9747		3734
205		6723		3735
5436		205		3736
6983		5436		3737
5431		6983		3738
1750		5431		3739
8503		1750		3740
4658		8503		3741
2666		4658		3742
2468		2666		3743
5991		2468		3744
3414		5991		3745
5446		3414		3746
4164		5446		3747
6206		4164		3748
4123		6206		3749
2243		4123		3750
8311		2243		3751
8818		8311		3752
4145		8818		3753
6151		4145		3754
8836		6151		3755
3987		8836		3756
1916		3987		3757
377		1916		3758
3287		377		3759
1769		3287		3760
2192		1769		3761
1732		2192		3762
903		1732		3763
4878		903		3764
9704		4878		3765
4428		9704		3766
4733		4428		3767
8278		4733		3768
4407		8278		3769
1766		4407		3770
289		1766		3771
3679		289		3772
5107		3679		3773
7365		5107		3774
3496		7365		3775
8830		3496		3776
1865		8830		3777
1237		1865		3778
1884		1237		3779
2377		1884		3780
9668		2377		3781
1889		9668		3782
9001		1889		3783
6115		9001		3784
5527		6115		3785
3711		5527		3786
7601		3711		3787
4112		7601		3788
9029		4112		3789
3669		9029		3790
1956		3669		3791
179		1956		3792
8047		179		3793
4182		8047		3794
1176		4182		3795
9573		1176		3796
9235		9573		3797
1879		9235		3798
3530		1879		3799
931		3530		3800
6600		931		3801
139		6600		3802
2772		139		3803
5440		2772		3804
887		5440		3805
7788		887		3806
7413		7788		3807
1324		7413		3808
7940		1324		3809
5896		7940		3810
2175		5896		3811
8300		2175		3812
5677		8300		3813
3671		5677		3814
7424		3671		3815
3456		7424		3816
1948		3456		3817
5404		1948		3818
5352		5404		3819
7481		5352		3820
6634		7481		3821
6619		6634		3822
2605		6619		3823
5410		2605		3824
9213		5410		3825
9221		9213		3826
3223		9221		3827
3734		3223		3828
6398		3734		3829
4146		6398		3830
742		4146		3831
1149		742		3832
5277		1149		3833
9313		5277		3834
2230		9313		3835
3965		2230		3836
1431		3965		3837
5593		1431		3838
6660		5593		3839
7506		6660		3840
8618		7506		3841
8998		8618		3842
2099		8998		3843
6006		2099		3844
794		6006		3845
5448		794		3846
8318		5448		3847
4679		8318		3848
3780		4679		3849
3900		3780		3850
738		3900		3851
6039		738		3852
1645		6039		3853
4453		1645		3854
7114		4453		3855
7843		7114		3856
845		7843		3857
4140		845		3858
3963		4140		3859
5802		3963		3860
4727		5802		3861
9474		4727		3862
2697		9474		3863
5638		2697		3864
331		5638		3865
7016		331		3866
9825		7016		3867
2987		9825		3868
6763		2987		3869
2658		6763		3870
9417		2658		3871
7674		9417		3872
2133		7674		3873
6191		2133		3874
2316		6191		3875
3179		2316		3876
3432		3179		3877
9693		3432		3878
7887		9693		3879
7753		7887		3880
3447		7753		3881
6239		3447		3882
1745		6239		3883
449		1745		3884
4950		449		3885
4999		4950		3886
225		4999		3887
6232		225		3888
9944		6232		3889
7656		9944		3890
5635		7656		3891
1639		5635		3892
7425		1639		3893
7383		7425		3894
5374		7383		3895
5133		5374		3896
3087		5133		3897
4540		3087		3898
3059		4540		3899
5048		3059		3900
3758		5048		3901
2096		3758		3902
5036		2096		3903
865		5036		3904
3420		865		3905
6358		3420		3906
1096		6358		3907
6485		1096		3908
7797		6485		3909
4365		7797		3910
1840		4365		3911
3107		1840		3912
166		3107		3913
4207		166		3914
8245		4207		3915
9724		8245		3916
6383		9724		3917
986		6383		3918
9197		986		3919
3537		9197		3920
4674		3537		3921
672		4674		3922
6055		672		3923
5913		6055		3924
1023		5913		3925
3415		1023		3926
2606		3415		3927
8695		2606		3928
5620		8695		3929
8227		5620		3930
6249		8227		3931
1958		6249		3932
5969		1958		3933
6005		5969		3934
4833		6005		3935
3413		4833		3936
4120		3413		3937
3897		4120		3938
1353		3897		3939
6668		1353		3940
1236		6668		3941
4671		1236		3942
6431		4671		3943
6351		6431		3944
6074		6351		3945
6610		6074		3946
6611		6610		3947
5973		6611		3948
9633		5973		3949
3572		9633		3950
9609		3572		3951
442		9609		3952
8465		442		3953
6931		8465		3954
9895		6931		3955
832		9895		3956
1881		832		3957
6712		1881		3958
5967		6712		3959
9223		5967		3960
2822		9223		3961
9107		2822		3962
7522		9107		3963
5718		7522		3964
7650		5718		3965
6002		7650		3966
3035		6002		3967
6226		3035		3968
8704		6226		3969
7962		8704		3970
7282		7962		3971
3600		7282		3972
7864		3600		3973
8974		7864		3974
5268		8974		3975
4669		5268		3976
510		4669		3977
1643		510		3978
1661		1643		3979
9476		1661		3980
4076		9476		3981
430		4076		3982
4868		430		3983
7093		4868		3984
2711		7093		3985
3568		2711		3986
3243		3568		3987
1317		3243		3988
446		1317		3989
1933		446		3990
6586		1933		3991
9914		6586		3992
5583		9914		3993
9836		5583		3994
6676		9836		3995
1124		6676		3996
2105		1124		3997
1727		2105		3998
7502		1727		3999
4995		7502		4000
5194		4995		4001
1586		5194		4002
656		1586		4003
9528		656		4004
2933		9528		4005
8723		2933		4006
4210		8723		4007
1037		4210		4008
5844		1037		4009
1187		5844		4010
1268		1187		4011
8254		1268		4012
3898		8254		4013
4909		3898		4014
9190		4909		4015
5544		9190		4016
813		5544		4017
8773		813		4018
3739		8773		4019
9755		3739		4020
1813		9755		4021
6776		1813		4022
2081		6776		4023
6465		2081		4024
5740		6465		4025
2430		5740		4026
202		2430		4027
6298		202		4028
5121		6298		4029
9398		5121		4030
6721		9398		4031
8885		6721		4032
2013		8885		4033
8545		2013		4034
3398		8545		4035
1589		3398		4036
7815		1589		4037
6758		7815		4038
6343		6758		4039
6348		6343		4040
8134		6348		4041
215		8134		4042
5716		215		4043
4174		5716		4044
4395		4174		4045
1969		4395		4046
835		1969		4047
7508		835		4048
4049		7508		4049
3157		4049		4050
9841		3157		4051
4232		9841		4052
7923		4232		4053
9467		7923		4054
989		9467		4055
1671		989		4056
9443		1671		4057
8710		9443		4058
2180		8710		4059
5995		2180		4060
9818		5995		4061
7893		9818		4062
9150		7893		4063
9938		9150		4064
5203		9938		4065
1437		5203		4066
2344		1437		4067
1131		2344		4068
8477		1131		4069
4060		8477		4070
4627		4060		4071
4221		4627		4072
7537		4221		4073
3565		7537		4074
8054		3565		4075
2070		8054		4076
2111		2070		4077
9681		2111		4078
9121		9681		4079
7535		9121		4080
443		7535		4081
3337		443		4082
1665		3337		4083
9714		1665		4084
393		9714		4085
4516		393		4086
4998		4516		4087
3557		4998		4088
4250		3557		4089
7195		4250		4090
7577		7195		4091
11		7577		4092
1724		11		4093
7677		1724		4094
5934		7677		4095
1227		5934		4096
3751		1227		4097
8822		3751		4098
5903		8822		4099
5876		5903		4100
2649		5876		4101
4435		2649		4102
6278		4435		4103
799		6278		4104
6624		799		4105
7640		6624		4106
8724		7640		4107
7264		8724		4108
156		7264		4109
968		156		4110
7409		968		4111
3307		7409		4112
18		3307		4113
6130		18		4114
649		6130		4115
6964		649		4116
1883		6964		4117
7404		1883		4118
8946		7404		4119
9399		8946		4120
9099		9399		4121
6726		9099		4122
7292		6726		4123
8333		7292		4124
8328		8333		4125
8505		8328		4126
6974		8505		4127
4430		6974		4128
8119		4430		4129
3045		8119		4130
4980		3045		4131
7022		4980		4132
1151		7022		4133
8022		1151		4134
4789		8022		4135
5950		4789		4136
4797		5950		4137
6324		4797		4138
342		6324		4139
2156		342		4140
1644		2156		4141
3847		1644		4142
5442		3847		4143
5032		5442		4144
3279		5032		4145
9535		3279		4146
6473		9535		4147
1660		6473		4148
8520		1660		4149
6518		8520		4150
7879		6518		4151
8750		7879		4152
7670		8750		4153
1744		7670		4154
6756		1744		4155
9669		6756		4156
4768		9669		4157
9408		4768		4158
9620		9408		4159
9357		9620		4160
2118		9357		4161
7770		2118		4162
9775		7770		4163
8890		9775		4164
3147		8890		4165
961		3147		4166
5930		961		4167
452		5930		4168
8293		452		4169
5624		8293		4170
9769		5624		4171
1613		9769		4172
8919		1613		4173
3086		8919		4174
1284		3086		4175
8000		1284		4176
3110		8000		4177
8711		3110		4178
7151		8711		4179
2069		7151		4180
3761		2069		4181
7184		3761		4182
6753		7184		4183
238		6753		4184
5855		238		4185
6125		5855		4186
9692		6125		4187
4452		9692		4188
113		4452		4189
928		113		4190
2359		928		4191
5460		2359		4192
3209		5460		4193
4263		3209		4194
4535		4263		4195
1350		4535		4196
6085		1350		4197
2588		6085		4198
7139		2588		4199
757		7139		4200
4274		757		4201
479		4274		4202
268		479		4203
3684		268		4204
9814		3684		4205
6214		9814		4206
6234		6214		4207
9695		6234		4208
5028		9695		4209
12		5028		4210
5344		12		4211
6475		5344		4212
6432		6475		4213
2811		6432		4214
4503		2811		4215
5243		4503		4216
7075		5243		4217
9912		7075		4218
8138		9912		4219
908		8138		4220
1888		908		4221
1599		1888		4222
3146		1599		4223
2767		3146		4224
1484		2767		4225
3450		1484		4226
4578		3450		4227
3100		4578		4228
111		3100		4229
2064		111		4230
2868		2064		4231
3508		2868		4232
6858		3508		4233
1801		6858		4234
6626		1801		4235
370		6626		4236
3181		370		4237
6201		3181		4238
5129		6201		4239
1947		5129		4240
7019		1947		4241
8330		7019		4242
3866		8330		4243
6196		3866		4244
4382		6196		4245
2409		4382		4246
6716		2409		4247
4406		6716		4248
969		4406		4249
3296		969		4250
9207		3296		4251
3913		9207		4252
8643		3913		4253
529		8643		4254
7826		529		4255
466		7826		4256
9809		466		4257
2508		9809		4258
9631		2508		4259
2847		9631		4260
2347		2847		4261
9113		2347		4262
7906		9113		4263
6344		7906		4264
303		6344		4265
8685		303		4266
210		8685		4267
4342		210		4268
3244		4342		4269
4185		3244		4270
5596		4185		4271
5945		5596		4272
7820		5945		4273
5219		7820		4274
5559		5219		4275
8857		5559		4276
6269		8857		4277
4895		6269		4278
6563		4895		4279
9782		6563		4280
2715		9782		4281
8100		2715		4282
8437		8100		4283
1886		8437		4284
346		1886		4285
7452		346		4286
5353		7452		4287
7141		5353		4288
8540		7141		4289
9257		8540		4290
9176		9257		4291
9602		9176		4292
7197		9602		4293
8056		7197		4294
6998		8056		4295
6849		6998		4296
3793		6849		4297
3195		3793		4298
5766		3195		4299
5495		5766		4300
4914		5495		4301
868		4914		4302
1259		868		4303
2203		1259		4304
4077		2203		4305
4544		4077		4306
7575		4544		4307
7255		7575		4308
669		7255		4309
1903		669		4310
89		1903		4311
3702		89		4312
7132		3702		4313
7		7132		4314
2890		7		4315
6320		2890		4316
8810		6320		4317
230		8810		4318
8148		230		4319
4324		8148		4320
9059		4324		4321
3075		9059		4322
5033		3075		4323
7306		5033		4324
2499		7306		4325
4281		2499		4326
892		4281		4327
4434		892		4328
3624		4434		4329
3318		3624		4330
6236		3318		4331
4113		6236		4332
849		4113		4333
9462		849		4334
734		9462		4335
911		734		4336
8150		911		4337
4456		8150		4338
5784		4456		4339
6498		5784		4340
1170		6498		4341
9767		1170		4342
7489		9767		4343
4731		7489		4344
2033		4731		4345
5126		2033		4346
5330		5126		4347
9863		5330		4348
7008		9863		4349
8745		7008		4350
7948		8745		4351
4609		7948		4352
6371		4609		4353
3917		6371		4354
9284		3917		4355
33		9284		4356
1735		33		4357
690		1735		4358
5715		690		4359
6223		5715		4360
9661		6223		4361
7925		9661		4362
6030		7925		4363
2491		6030		4364
4574		2491		4365
7149		4574		4366
1416		7149		4367
7632		1416		4368
3905		7632		4369
4852		3905		4370
8639		4852		4371
53		8639		4372
678		53		4373
145		678		4374
6814		145		4375
1287		6814		4376
8069		1287		4377
3081		8069		4378
8102		3081		4379
4334		8102		4380
8966		4334		4381
6027		8966		4382
1087		6027		4383
2875		1087		4384
7050		2875		4385
6354		7050		4386
9249		6354		4387
1359		9249		4388
8651		1359		4389
5159		8651		4390
5180		5159		4391
6490		5180		4392
824		6490		4393
8641		824		4394
6566		8641		4395
2154		6566		4396
7416		2154		4397
1035		7416		4398
6826		1035		4399
4329		6826		4400
8842		4329		4401
251		8842		4402
6816		251		4403
4888		6816		4404
7663		4888		4405
3431		7663		4406
876		3431		4407
8070		876		4408
7211		8070		4409
221		7211		4410
8424		221		4411
4864		8424		4412
7382		4864		4413
3683		7382		4414
9202		3683		4415
4046		9202		4416
827		4046		4417
2741		827		4418
478		2741		4419
7484		478		4420
4371		7484		4421
4843		4371		4422
7546		4843		4423
7886		7546		4424
4364		7886		4425
4740		4364		4426
4020		4740		4427
7444		4020		4428
2152		7444		4429
409		2152		4430
6417		409		4431
7751		6417		4432
3017		7751		4433
2844		3017		4434
694		2844		4435
1731		694		4436
323		1731		4437
5054		323		4438
5637		5054		4439
2921		5637		4440
312		2921		4441
6440		312		4442
8848		6440		4443
1128		8848		4444
1596		1128		4445
7953		1596		4446
5163		7953		4447
7542		5163		4448
7952		7542		4449
4593		7952		4450
3126		4593		4451
593		3126		4452
3969		593		4453
369		3969		4454
1311		369		4455
2095		1311		4456
5634		2095		4457
6801		5634		4458
4007		6801		4459
4042		4007		4460
5820		4042		4461
8642		5820		4462
7660		8642		4463
5467		7660		4464
1242		5467		4465
5856		1242		4466
1632		5856		4467
8471		1632		4468
6192		8471		4469
954		6192		4470
5749		954		4471
9471		5749		4472
2493		9471		4473
1398		2493		4474
5230		1398		4475
4244		5230		4476
9800		4244		4477
6195		9800		4478
1606		6195		4479
9286		1606		4480
2917		9286		4481
5475		2917		4482
4580		5475		4483
2803		4580		4484
4590		2803		4485
2252		4590		4486
1990		2252		4487
460		1990		4488
9409		460		4489
3507		9409		4490
9654		3507		4491
5215		9654		4492
8237		5215		4493
5371		8237		4494
3144		5371		4495
2218		3144		4496
9888		2218		4497
8026		9888		4498
8202		8026		4499
6949		8202		4500
1028		6949		4501
469		1028		4502
1877		469		4503
6837		1877		4504
265		6837		4505
2136		265		4506
2489		2136		4507
3581		2489		4508
3559		3581		4509
1520		3559		4510
8778		1520		4511
9448		8778		4512
7572		9448		4513
3113		7572		4514
4296		3113		4515
8774		4296		4516
5293		8774		4517
1019		5293		4518
9161		1019		4519
3214		9161		4520
7039		3214		4521
5213		7039		4522
1077		5213		4523
2264		1077		4524
2407		2264		4525
8341		2407		4526
3958		8341		4527
2962		3958		4528
6466		2962		4529
691		6466		4530
3654		691		4531
7840		3654		4532
4978		7840		4533
8469		4978		4534
4853		8469		4535
2892		4853		4536
1099		2892		4537
6203		1099		4538
4356		6203		4539
7711		4356		4540
6045		7711		4541
9319		6045		4542
1701		9319		4543
5769		1701		4544
5785		5769		4545
567		5785		4546
6910		567		4547
3449		6910		4548
7379		3449		4549
4494		7379		4550
1384		4494		4551
2589		1384		4552
7287		2589		4553
1503		7287		4554
7454		1503		4555
6908		7454		4556
70		6908		4557
9021		70		4558
3738		9021		4559
4692		3738		4560
1049		4692		4561
8386		1049		4562
979		8386		4563
512		979		4564
5823		512		4565
3357		5823		4566
4189		3357		4567
2878		4189		4568
4729		2878		4569
8771		4729		4570
3943		8771		4571
8137		3943		4572
8510		8137		4573
8915		8510		4574
416		8915		4575
8990		416		4576
1072		8990		4577
4922		1072		4578
3106		4922		4579
9859		3106		4580
3149		9859		4581
8218		3149		4582
9145		8218		4583
4688		9145		4584
2785		4688		4585
1762		2785		4586
7505		1762		4587
9624		7505		4588
5743		9624		4589
7783		5743		4590
4484		7783		4591
1728		4484		4592
5041		1728		4593
7621		5041		4594
9537		7621		4595
6903		9537		4596
3004		6903		4597
2927		3004		4598
933		2927		4599
5452		933		4600
3490		5452		4601
1523		3490		4602
6982		1523		4603
1913		6982		4604
3832		1913		4605
1656		3832		4606
8941		1656		4607
2507		8941		4608
7853		2507		4609
3433		7853		4610
3094		3433		4611
2778		3094		4612
1891		2778		4613
1148		1891		4614
4668		1148		4615
2297		4668		4616
3125		2297		4617
3792		3125		4618
7121		3792		4619
3237		7121		4620
353		3237		4621
9526		353		4622
5588		9526		4623
6251		5588		4624
9071		6251		4625
2361		9071		4626
239		2361		4627
8603		239		4628
7059		8603		4629
7721		7059		4630
4614		7721		4631
155		4614		4632
7142		155		4633
8984		7142		4634
7510		8984		4635
2388		7510		4636
8601		2388		4637
7552		8601		4638
2790		7552		4639
9688		2790		4640
1972		9688		4641
4927		1972		4642
1494		4927		4643
4016		1494		4644
8478		4016		4645
4242		8478		4646
8985		4242		4647
2707		8985		4648
7414		2707		4649
8770		7414		4650
8833		8770		4651
1186		8833		4652
1386		1186		4653
9226		1386		4654
5359		9226		4655
3402		5359		4656
6072		3402		4657
2258		6072		4658
4136		2258		4659
5840		4136		4660
5781		5840		4661
7973		5781		4662
7081		7973		4663
9299		7081		4664
8712		9299		4665
788		8712		4666
7946		788		4667
9839		7946		4668
7859		9839		4669
7192		7859		4670
4027		7192		4671
1805		4027		4672
1897		1805		4673
2271		1897		4674
2135		2271		4675
207		2135		4676
7795		207		4677
1798		7795		4678
6521		1798		4679
5069		6521		4680
6834		5069		4681
1531		6834		4682
2520		1531		4683
5085		2520		4684
6127		2520		4684
6731		6127		4685
8322		6731		4686
731		8322		4687
3597		731		4688
4910		3597		4689
6274		4910		4690
3057		6274		4691
1998		3057		4692
704		1998		4693
420		704		4694
7929		704		4694
3367		7929		4695
778		3367		4696
6336		778		4697
9849		6336		4698
5670		9849		4699
1400		5670		4700
689		1400		4701
6212		689		4702
5323		6212		4703
3480		5323		4704
9415		3480		4705
5414		9415		4706
1		5414		4707
6353		1		4708
3409		6353		4709
4005		3409		4710
901		4005		4711
8814		901		4712
517		8814		4713
4497		517		4714
2542		4497		4715
2612		2542		4716
8977		2612		4717
1587		8977		4718
8431		1587		4719
6265		8431		4720
7749		6265		4721
5744		7749		4722
4043		5744		4723
3584		4043		4724
2565		3584		4725
7974		2565		4726
297		7974		4727
2206		297		4728
8544		2206		4729
4401		8544		4730
9523		4401		4731
9508		9523		4732
3531		9508		4733
803		3531		4734
8163		803		4735
2467		8163		4736
4510		2467		4737
9172		4510		4738
2702		9172		4739
6752		2702		4740
3353		6752		4741
3340		3353		4742
7189		3340		4743
3561		7189		4744
8617		3561		4745
1605		8617		4746
1293		1605		4747
6392		1293		4748
7547		6392		4749
3044		7547		4750
8295		3044		4751
8110		8295		4752
5623		8110		4753
4623		5623		4754
9011		4623		4755
8896		9011		4756
1274		8896		4757
1233		1274		4758
7153		1233		4759
951		7153		4760
2647		951		4761
6150		2647		4762
2114		6150		4763
7267		2114		4764
1882		7267		4765
5779		1882		4766
7920		5779		4767
2604		7920		4768
9676		2604		4769
5052		9676		4770
318		5052		4771
7074		318		4772
3923		7074		4773
7942		3923		4774
7935		7942		4775
6628		7935		4776
9754		6628		4777
2390		9754		4778
2622		2390		4779
1193		2622		4780
7982		1193		4781
131		7982		4782
1525		131		4783
3022		1525		4784
4675		3022		4785
69		4675		4786
5275		69		4787
2100		5275		4788
1814		2100		4789
8879		1814		4790
2291		8879		4791
5394		2291		4792
7984		2291		4792
6329		7984		4793
7274		6329		4794
3048		7274		4795
2503		3048		4796
5223		2503		4797
8174		5223		4798
5748		8174		4799
6639		5748		4800
8638		6639		4801
5977		8638		4802
7897		5977		4803
7517		7897		4804
1959		7517		4805
25		1959		4806
4827		25		4807
4279		4827		4808
3914		4279		4809
2142		3914		4810
607		2142		4811
837		607		4812
6435		837		4813
5500		6435		4814
4655		5500		4815
4340		4655		4816
5143		4340		4817
6897		5143		4818
9165		6897		4819
5801		9165		4820
6791		5801		4821
2904		6791		4822
2102		2904		4823
9581		2102		4824
6939		9581		4825
5065		6939		4826
2729		5065		4827
2858		2729		4828
1743		2858		4829
2552		1743		4830
7990		2552		4831
7207		7990		4832
3856		7207		4833
8052		3856		4834
2693		8052		4835
8275		2693		4836
5927		8275		4837
5794		5927		4838
8943		5794		4839
5012		8943		4840
5173		5012		4841
2536		5173		4842
482		2536		4843
2163		482		4844
9969		2163		4845
5873		9969		4846
383		5873		4847
7271		5873		4847
9788		7271		4848
4938		9788		4849
3844		4938		4850
8577		3844		4851
8834		8577		4852
8878		8834		4853
9830		8878		4854
699		9830		4855
7588		699		4856
8327		7588		4857
5706		8327		4858
703		5706		4859
5142		703		4860
3164		5142		4861
5004		3164		4862
5753		5004		4863
7696		5753		4864
2029		7696		4865
7361		2029		4866
7782		7361		4867
3814		7782		4868
3954		3814		4869
8016		3954		4870
8171		8016		4871
509		8171		4872
3580		509		4873
5202		3580		4874
9720		5202		4875
8688		9720		4876
9232		8688		4877
6878		9232		4878
7336		6878		4879
9715		7336		4880
9879		9715		4881
2339		9879		4882
4507		2339		4883
3439		4507		4884
932		4507		4884
4409		932		4885
1866		4409		4886
6533		1866		4887
2677		6533		4888
1572		2677		4889
3007		1572		4890
1999		3007		4891
7578		1999		4892
8091		7578		4893
7320		8091		4894
1856		7320		4895
7589		1856		4896
604		7589		4897
9494		604		4898
3874		9494		4899
3501		3874		4900
9266		3501		4901
7311		3874		4900
6861		7311		4901
749		6861		4902
786		7311		4901
8458		786		4902
4506		8458		4903
7263		4506		4904
1325		7263		4905
4555		7263		4905
9805		4555		4906
4084		9805		4907
8854		4084		4908
1704		8854		4909
6615		1704		4910
7293		6615		4911
7101		7293		4912
602		7101		4913
8232		7293		4912
3422		8232		4913
3552		8232		4913
3664		6615		4911
1780		6615		4911
214		1780		4912
3425		214		4913
976		1780		4912
5988		976		4913
1136		976		4913
6785		1136		4914
7115		976		4913
6956		7115		4914
5105		6956		4915
1354		5105		4916
9942		7115		4914
5665		9942		4915
1555		9942		4915
7206		7115		4914
8924		7115		4914
8370		8924		4915
4378		8370		4916
2825		8370		4916
6895		2825		4917
8611		8924		4915
2556		6615		4911
8214		2556		4912
6500		8214		4913
4504		6500		4914
5787		4504		4915
8858		4504		4915
194		4504		4915
6922		194		4916
4599		6922		4917
2968		6922		4917
7169		2968		4918
261		6922		4917
5017		261		4918
276		8214		4913
5462		276		4914
2443		5462		4915
8664		5462		4915
4880		8664		4916
7756		5462		4915
389		276		4914
1543		2556		4912
8416		2556		4912
2960		8416		4913
2629		8416		4913
250		8854		4909
2333		7263		4905
2553		8458		4903
3815		1856		4896
3713		3815		4897
4264		3815		4897
1867		4264		4898
6131		1867		4899
3073		7578		4893
9446		1999		4892
9346		1572		4890
9105		1572		4890
2448		1866		4887
902		2448		4888
7378		1866		4887
6134		7378		4888
7947		3954		4870
1859		7361		4867
6577		1859		4868
7780		5004		4863
9020		5927		4838
2225		5927		4838
9779		5065		4827
2857		9779		4828
2851		5801		4821
3118		7982		4782
4294		1891		4614