node	father	level
777		0		0
8411		777		1
3094		777		1
8173		777		1
1727		777		1
2887		777		1
5424		777		1
8969		777		1
4185		777		1
2637		777		1
8160		777		1
4718		777		1
3137		777		1
5836		777		1
6500		777		1
7577		777		1
6341		777		1
8659		777		1
1751		777		1
5029		777		1
436		777		1
1754		777		1
3001		777		1
5690		777		1
871		777		1
2582		777		1
6518		777		1
6363		777		1
5039		777		1
6451		777		1
9348		777		1
3404		777		1
7177		777		1
5561		777		1
2159		777		1
1786		777		1
9688		777		1
8991		777		1
5777		777		1
7019		777		1
8654		777		1
2383		777		1
9915		777		1
2200		777		1
4331		777		1
8188		777		1
3944		777		1
8773		777		1
2246		777		1
6632		777		1
7729		777		1
3108		777		1
6392		777		1
3377		777		1
3119		777		1
9697		777		1
8328		777		1
8354		777		1
8503		777		1
2666		777		1
1399		777		1
4535		777		1
1075		777		1
5748		777		1
9888		777		1
1574		777		1
6706		777		1
7897		777		1
7390		777		1
2206		777		1
9521		777		1
4981		777		1
5753		777		1
2971		777		1
7429		777		1
8271		777		1
4505		777		1
6909		777		1
7437		777		1
5677		777		1
3905		777		1
9737		777		1
1386		777		1
6826		777		1
8348		777		1
6957		777		1
2701		777		1
9224		777		1
1395		777		1
9669		777		1
9470		777		1
7035		777		1
4743		777		1
893		777		1
1398		777		1
1816		777		1
4989		777		1
5950		777		1
3049		777		1
7591		777		1
3523		777		1
3232		8411		2
3405		8411		2
4913		8411		2
2730		8411		2
2499		8411		2
3098		8411		2
1865		8411		2
5582		8411		2
9967		8411		2
9949		8411		2
1231		8411		2
7534		8411		2
9167		8411		2
1078		8411		2
959		8411		2
6731		8411		2
7312		8411		2
275		8411		2
9546		8411		2
9119		8411		2
7401		8411		2
1069		8411		2
825		8411		2
3292		8411		2
1884		8411		2
4783		8411		2
4365		8411		2
2270		8411		2
3010		8411		2
5180		8411		2
9664		8411		2
1916		8411		2
5902		8411		2
719		8411		2
1634		8411		2
6520		8411		2
9332		8411		2
2602		8411		2
4022		8411		2
8607		8411		2
9170		8411		2
4955		8411		2
3363		8411		2
2506		8411		2
9656		8411		2
1125		8411		2
8088		8411		2
5279		8411		2
9533		8411		2
6982		8411		2
42		8411		2
9754		8411		2
4237		8411		2
7505		8411		2
8091		8411		2
869		8411		2
6724		8411		2
9266		8411		2
1873		8411		2
7761		8411		2
7518		8411		2
3000		8411		2
8924		8411		2
2398		8411		2
1296		8411		2
4623		8411		2
4686		8411		2
2707		8411		2
6492		8411		2
1998		8411		2
2293		8411		2
8309		8411		2
5890		8411		2
6071		8411		2
5982		8411		2
2071		8411		2
3696		8411		2
8082		8411		2
688		8411		2
4316		8411		2
5051		8411		2
4405		8411		2
8346		8411		2
9722		8411		2
2347		8411		2
682		8411		2
1256		8411		2
806		8411		2
6075		8411		2
7795		8411		2
2275		8411		2
2518		8411		2
6312		8411		2
4055		8411		2
8637		8411		2
6225		8411		2
7731		8411		2
4667		8411		2
6231		8411		2
6458		8411		2
1695		8411		2
2147		8411		2
237		3094		2
9324		3094		2
2067		3094		2
7474		3094		2
422		3094		2
9756		3094		2
5338		3094		2
9034		3094		2
7782		3094		2
3213		3094		2
803		3094		2
347		3094		2
2106		3094		2
9624		3094		2
2653		3094		2
5935		3094		2
6384		3094		2
7564		3094		2
7017		3094		2
6361		3094		2
6239		3094		2
9846		3094		2
2056		3094		2
2766		3094		2
6579		3094		2
788		3094		2
2651		3094		2
5014		3094		2
1733		3094		2
365		3094		2
9466		3094		2
9704		3094		2
7343		3094		2
7611		3094		2
9483		3094		2
4465		3094		2
9322		3094		2
4857		3094		2
2748		3094		2
4837		3094		2
1043		3094		2
5833		3094		2
3716		3094		2
3958		3094		2
2769		3094		2
9808		3094		2
7770		3094		2
7361		3094		2
9446		3094		2
1877		3094		2
4456		3094		2
4764		3094		2
2760		3094		2
8177		3094		2
6808		3094		2
5107		3094		2
4173		3094		2
5634		3094		2
5183		3094		2
2768		3094		2
8911		3094		2
4879		3094		2
7254		3094		2
5845		3094		2
3857		3094		2
4291		3094		2
7765		3094		2
6906		3094		2
6112		3094		2
8033		3094		2
9969		3094		2
7656		3094		2
740		3094		2
2994		3094		2
7152		3094		2
4484		3094		2
2785		3094		2
8758		3094		2
5153		3094		2
5085		3094		2
7140		3094		2
9698		3094		2
544		3094		2
4356		3094		2
1274		3094		2
1455		3094		2
6057		3094		2
2346		3094		2
4777		3094		2
6790		3094		2
5446		3094		2
4950		3094		2
592		3094		2
2536		3094		2
6839		3094		2
1415		3094		2
7657		3094		2
9155		3094		2
3728		3094		2
4238		3094		2
3764		3094		2
3433		3094		2
408		3094		2
2154		3094		2
2778		3094		2
7433		8173		2
7034		8173		2
7008		8173		2
6324		8173		2
6624		8173		2
678		8173		2
5258		8173		2
5505		8173		2
1999		8173		2
7392		8173		2
3787		8173		2
7000		8173		2
3073		8173		2
3285		8173		2
7619		8173		2
1498		8173		2
3063		8173		2
5743		8173		2
4476		8173		2
4890		8173		2
4674		8173		2
789		8173		2
8434		8173		2
7456		8173		2
8458		8173		2
5610		8173		2
1599		8173		2
6503		8173		2
4235		8173		2
5649		8173		2
3297		8173		2
1167		8173		2
1317		8173		2
5949		8173		2
1524		8173		2
9278		8173		2
1596		8173		2
85		8173		2
3886		8173		2
8278		8173		2
3597		8173		2
2595		8173		2
6495		8173		2
2989		8173		2
4477		8173		2
4420		8173		2
6997		8173		2
3424		8173		2
868		8173		2
3669		8173		2
722		8173		2
4819		8173		2
5917		8173		2
5888		8173		2
8858		8173		2
837		8173		2
2669		8173		2
2388		8173		2
845		8173		2
338		8173		2
9313		8173		2
6577		8173		2
1671		8173		2
5175		8173		2
4326		8173		2
3110		8173		2
7800		8173		2
6269		8173		2
8851		8173		2
4702		8173		2
9935		8173		2
7129		8173		2
5033		8173		2
7295		8173		2
7504		8173		2
593		8173		2
245		8173		2
1935		8173		2
4274		8173		2
1867		8173		2
4335		8173		2
9008		8173		2
3259		8173		2
2365		8173		2
6186		8173		2
5273		8173		2
2079		8173		2
2329		8173		2
4135		8173		2
6165		8173		2
5790		8173		2
1127		8173		2
2393		8173		2
8221		8173		2
7148		8173		2
2818		8173		2
1411		8173		2
3175		8173		2
8126		8173		2
1632		8173		2
3836		8173		2
8268		8173		2
9654		8173		2
2150		8173		2
545		8173		2
3792		8173		2
8960		8173		2
6801		8173		2
3366		8173		2
3511		1727		2
6825		1727		2
2598		1727		2
6584		1727		2
6460		1727		2
4113		1727		2
4658		1727		2
5326		1727		2
8792		1727		2
8598		1727		2
3761		1727		2
5939		1727		2
7263		1727		2
6591		1727		2
9891		1727		2
8611		1727		2
9207		1727		2
7258		1727		2
9769		1727		2
4044		1727		2
6590		1727		2
4138		1727		2
3419		1727		2
239		1727		2
3572		1727		2
8237		1727		2
9860		1727		2
1333		1727		2
157		1727		2
6227		1727		2
7764		1727		2
5409		1727		2
7779		1727		2
202		1727		2
9436		1727		2
4526		1727		2
8710		1727		2
5455		1727		2
8107		1727		2
7970		1727		2
1661		1727		2
1442		1727		2
563		1727		2
7971		1727		2
519		1727		2
4887		1727		2
4545		1727		2
4696		1727		2
452		1727		2
9755		1727		2
1613		1727		2
3069		1727		2
7809		1727		2
6005		1727		2
8093		1727		2
6056		1727		2
5303		1727		2
3753		1727		2
5048		1727		2
3593		1727		2
1551		1727		2
9660		1727		2
744		1727		2
4431		1727		2
2680		1727		2
1300		1727		2
4239		1727		2
5246		1727		2
1016		1727		2
3961		1727		2
2371		1727		2
2751		1727		2
3498		1727		2
835		1727		2
2612		1727		2
1938		1727		2
2592		1727		2
3900		1727		2
5448		1727		2
650		1727		2
528		1727		2
2847		1727		2
3982		1727		2
7070		1727		2
8638		1727		2
7667		1727		2
1910		1727		2
8318		1727		2
7502		1727		2
2105		1727		2
5639		2887		2
3644		2887		2
7001		2887		2
572		2887		2
996		2887		2
8373		2887		2
5348		2887		2
5208		2887		2
9960		2887		2
6327		2887		2
3113		2887		2
7115		2887		2
4109		2887		2
2990		2887		2
8662		2887		2
8294		2887		2
2171		2887		2
6429		2887		2
8618		2887		2
2409		2887		2
3280		2887		2
8227		2887		2
6001		2887		2
1049		2887		2
7560		2887		2
7387		2887		2
9955		2887		2
6931		2887		2
7685		2887		2
5232		2887		2
4675		2887		2
286		2887		2
7221		2887		2
7031		2887		2
1744		2887		2
6665		2887		2
9643		2887		2
8553		2887		2
348		2887		2
9404		2887		2
5636		2887		2
4956		2887		2
3657		2887		2
4460		2887		2
1325		2887		2
291		2887		2
7544		2887		2
9857		2887		2
8377		2887		2
3353		2887		2
7422		2887		2
2087		2887		2
9384		2887		2
1423		2887		2
9368		2887		2
4544		2887		2
9471		2887		2
4888		2887		2
5813		2887		2
5449		2887		2
3821		2887		2
5892		2887		2
8509		2887		2
6703		2887		2
2256		2887		2
5992		2887		2
4525		2887		2
5411		2887		2
3356		2887		2
9053		2887		2
8105		2887		2
7813		2887		2
4720		2887		2
5226		2887		2
7694		2887		2
2735		2887		2
582		2887		2
1034		2887		2
53		2887		2
7224		2887		2
2070		2887		2
6158		2887		2
5439		2887		2
6241		2887		2
1612		2887		2
9205		2887		2
585		2887		2
1050		2887		2
8871		2887		2
4403		2887		2
1978		2887		2
5688		2887		2
2289		2887		2
1591		2887		2
8179		2887		2
3945		2887		2
6841		2887		2
9602		2887		2
7436		2887		2
8479		2887		2
3783		2887		2
37		2887		2
3542		2887		2
63		2887		2
7191		5424		2
5648		5424		2
7199		5424		2
4379		5424		2
4852		5424		2
7886		5424		2
3057		5424		2
5934		5424		2
6369		5424		2
6991		5424		2
3447		5424		2
7935		5424		2
8341		5424		2
4689		5424		2
7643		5424		2
2535		5424		2
5275		5424		2
5767		5424		2
69		5424		2
8201		5424		2
8974		5424		2
1771		5424		2
7079		5424		2
4650		5424		2
2718		5424		2
7757		5424		2
3097		5424		2
482		5424		2
1783		5424		2
1887		5424		2
3048		5424		2
9293		5424		2
2035		5424		2
3942		5424		2
6337		5424		2
2560		5424		2
3466		5424		2
4520		5424		2
3722		5424		2
8804		5424		2
2583		5424		2
7024		5424		2
292		5424		2
3028		5424		2
3595		5424		2
8545		5424		2
8810		5424		2
6588		5424		2
8921		5424		2
4690		5424		2
1170		5424		2
4627		5424		2
4564		5424		2
7371		5424		2
7128		5424		2
9703		5424		2
5052		5424		2
2233		5424		2
5849		5424		2
7834		5424		2
4744		5424		2
7840		5424		2
2905		5424		2
2545		5424		2
7856		5424		2
6343		5424		2
2264		5424		2
8915		5424		2
3254		5424		2
184		5424		2
4972		5424		2
4016		5424		2
9556		5424		2
1097		5424		2
4542		5424		2
7772		5424		2
8466		5424		2
7638		5424		2
2878		5424		2
5727		5424		2
1362		5424		2
7092		5424		2
8845		5424		2
3627		5424		2
9074		5424		2
7294		5424		2
2418		5424		2
8798		5424		2
414		5424		2
5470		5424		2
9831		5424		2
86		5424		2
4245		8969		2
2407		8969		2
4638		8969		2
2644		8969		2
7714		8969		2
2099		8969		2
5490		8969		2
7600		8969		2
6088		8969		2
2333		8969		2
5238		8969		2
9344		8969		2
9535		8969		2
5669		8969		2
6812		8969		2
6386		8969		2
7435		8969		2
6330		8969		2
1959		8969		2
8216		8969		2
8005		8969		2
7820		8969		2
5896		8969		2
6606		8969		2
6444		8969		2
5438		8969		2
5882		8969		2
7742		8969		2
8664		8969		2
8544		8969		2
8614		8969		2
8022		8969		2
7979		8969		2
8062		8969		2
7439		8969		2
3087		8969		2
1189		8969		2
409		8969		2
7495		8969		2
9123		8969		2
8461		8969		2
3929		8969		2
8981		8969		2
6045		8969		2
6843		8969		2
1246		8969		2
2470		8969		2
9878		8969		2
6757		8969		2
754		8969		2
7203		8969		2
6210		8969		2
3774		8969		2
5821		8969		2
8111		8969		2
6494		8969		2
7238		8969		2
1142		8969		2
2605		8969		2
5210		8969		2
16		8969		2
5722		8969		2
1257		8969		2
5635		8969		2
8879		8969		2
9396		8969		2
2218		8969		2
1099		8969		2
2084		8969		2
894		8969		2
2021		8969		2
7210		8969		2
867		8969		2
3770		8969		2
4056		8969		2
6424		8969		2
3709		8969		2
7272		8969		2
5795		8969		2
290		8969		2
792		8969		2
3026		8969		2
3373		8969		2
6394		8969		2
9428		8969		2
1900		8969		2
5873		8969		2
8959		8969		2
4401		8969		2
1280		8969		2
6929		8969		2
8363		8969		2
9045		8969		2
7402		8969		2
6064		8969		2
7359		8969		2
2046		8969		2
5234		8969		2
6832		8969		2
5664		8969		2
7306		8969		2
2814		8969		2
7440		8969		2
3760		8969		2
8647		8969		2
9476		8969		2
1991		8969		2
9179		8969		2
8235		8969		2
7811		8969		2
8211		4185		2
5212		4185		2
1382		4185		2
4605		4185		2
9867		4185		2
9117		4185		2
9130		4185		2
9249		4185		2
8697		4185		2
5507		4185		2
3678		4185		2
8041		4185		2
8937		4185		2
8671		4185		2
6726		4185		2
5467		4185		2
4628		4185		2
4414		4185		2
5544		4185		2
8147		4185		2
5552		4185		2
2942		4185		2
6567		4185		2
6908		4185		2
6851		4185		2
1689		4185		2
8892		4185		2
5756		4185		2
4281		4185		2
6983		4185		2
2841		4185		2
8343		4185		2
6845		4185		2
6156		4185		2
517		4185		2
7977		4185		2
8014		4185		2
5108		4185		2
7674		4185		2
814		4185		2
8635		4185		2
4376		4185		2
951		4185		2
6265		4185		2
5978		4185		2
4936		4185		2
5035		4185		2
6297		4185		2
8825		4185		2
3415		4185		2
4300		4185		2
4368		4185		2
2135		4185		2
7072		4185		2
2492		4185		2
1534		4185		2
4671		4185		2
1798		4185		2
1586		4185		2
5517		4185		2
7561		4185		2
9527		4185		2
2221		4185		2
2792		4185		2
5897		4185		2
5320		4185		2
7007		4185		2
4320		4185		2
4452		4185		2
6877		4185		2
3385		4185		2
1326		4185		2
9579		4185		2
2100		4185		2
7890		4185		2
8429		4185		2
9252		4185		2
2384		4185		2
6926		4185		2
7575		4185		2
8267		4185		2
3244		4185		2
9715		4185		2
2951		4185		2
8857		4185		2
3789		4185		2
5596		4185		2
451		4185		2
1091		4185		2
9681		4185		2
5847		4185		2
5020		4185		2
5875		4185		2
765		2637		2
1718		2637		2
3917		2637		2
329		2637		2
2145		2637		2
6086		2637		2
2188		2637		2
7581		2637		2
178		2637		2
9005		2637		2
467		2637		2
2516		2637		2
6814		2637		2
81		2637		2
2180		2637		2
7593		2637		2
7326		2637		2
4221		2637		2
6878		2637		2
8090		2637		2
5779		2637		2
57		2637		2
8047		2637		2
1736		2637		2
168		2637		2
7829		2637		2
5358		2637		2
851		2637		2
9132		2637		2
8269		2637		2
940		2637		2
2327		2637		2
6325		2637		2
4060		2637		2
6418		2637		2
7708		2637		2
5045		2637		2
3979		2637		2
8745		2637		2
7397		2637		2
8315		2637		2
1158		2637		2
9821		2637		2
4832		2637		2
2468		2637		2
7693		2637		2
596		2637		2
512		2637		2
523		2637		2
7277		2637		2
6733		2637		2
1645		2637		2
3969		2637		2
4207		2637		2
4998		2637		2
7588		2637		2
7901		2637		2
113		2637		2
991		2637		2
8691		2637		2
8854		2637		2
5390		2637		2
2451		2637		2
7677		2637		2
2956		2637		2
9222		2637		2
1871		2637		2
7060		2637		2
9122		2637		2
3798		2637		2
4703		2637		2
8602		2637		2
208		2637		2
3873		2637		2
9951		2637		2
9714		2637		2
2472		2637		2
5946		2637		2
7510		2637		2
3910		2637		2
5415		2637		2
9818		2637		2
8613		2637		2
8801		2637		2
4434		2637		2
529		2637		2
5149		2637		2
5973		2637		2
3747		2637		2
5173		2637		2
4119		2637		2
7180		2637		2
2501		2637		2
1926		2637		2
8524		2637		2
3981		2637		2
670		2637		2
1522		2637		2
3140		8160		2
8568		8160		2
7015		8160		2
9031		8160		2
9423		8160		2
8603		8160		2
1831		8160		2
5551		8160		2
1205		8160		2
2649		8160		2
7117		8160		2
4254		8160		2
8651		8160		2
4198		8160		2
2606		8160		2
7155		8160		2
2952		8160		2
3225		8160		2
3388		8160		2
3947		8160		2
6420		8160		2
9151		8160		2
465		8160		2
7481		8160		2
7139		8160		2
520		8160		2
771		8160		2
4191		8160		2
4350		8160		2
6434		8160		2
2643		8160		2
2160		8160		2
5630		8160		2
259		8160		2
6535		8160		2
7319		8160		2
1275		8160		2
9451		8160		2
4927		8160		2
7871		8160		2
8789		8160		2
5717		8160		2
8021		8160		2
2933		8160		2
6390		8160		2
5771		8160		2
5599		8160		2
6255		8160		2
7201		8160		2
8001		8160		2
8751		8160		2
8529		8160		2
9779		8160		2
3011		8160		2
9145		8160		2
885		8160		2
6847		8160		2
5766		8160		2
2998		8160		2
5942		8160		2
195		8160		2
5511		8160		2
7379		8160		2
4498		8160		2
3987		8160		2
3509		8160		2
9382		8160		2
3037		8160		2
715		8160		2
8413		8160		2
9431		8160		2
3085		8160		2
3206		8160		2
6791		8160		2
193		8160		2
4908		8160		2
204		8160		2
4399		8160		2
4146		4718		2
8460		4718		2
2825		4718		2
2031		4718		2
2812		4718		2
2526		4718		2
9264		4718		2
4011		4718		2
9710		4718		2
7644		4718		2
4588		4718		2
5379		4718		2
9585		4718		2
9092		4718		2
8642		4718		2
7605		4718		2
4538		4718		2
1573		4718		2
2948		4718		2
5885		4718		2
5452		4718		2
2074		4718		2
4123		4718		2
3670		4718		2
1948		4718		2
9599		4718		2
7377		4718		2
8048		4718		2
1527		4718		2
5600		4718		2
2429		4718		2
6862		4718		2
4916		4718		2
3711		4718		2
105		4718		2
7648		4718		2
5378		4718		2
728		4718		2
6235		4718		2
5754		4718		2
2052		4718		2
4655		4718		2
5295		4718		2
2292		4718		2
7660		4718		2
9279		4718		2
1222		4718		2
2883		4718		2
7271		4718		2
4504		4718		2
6435		4718		2
6756		4718		2
9300		4718		2
7081		4718		2
2972		4718		2
6523		4718		2
4669		4718		2
276		4718		2
4182		4718		2
3318		4718		2
9049		4718		2
4732		4718		2
7869		4718		2
9912		4718		2
7621		4718		2
9370		4718		2
1954		4718		2
1925		4718		2
5125		4718		2
6022		4718		2
6910		4718		2
3023		4718		2
6195		4718		2
8592		4718		2
4868		4718		2
8081		4718		2
6925		4718		2
2773		4718		2
7122		4718		2
4230		4718		2
4957		4718		2
4186		4718		2
5801		4718		2
3164		4718		2
4236		4718		2
8951		4718		2
3715		4718		2
2741		4718		2
1620		4718		2
5352		4718		2
655		4718		2
6018		4718		2
6745		3137		2
6736		3137		2
1123		3137		2
923		3137		2
4136		3137		2
7639		3137		2
6485		3137		2
4816		3137		2
1393		3137		2
7058		3137		2
1392		3137		2
1507		3137		2
7549		3137		2
2930		3137		2
2639		3137		2
2845		3137		2
8856		3137		2
7627		3137		2
1903		3137		2
9232		3137		2
7108		3137		2
1859		3137		2
2550		3137		2
553		3137		2
7121		3137		2
2544		3137		2
8191		3137		2
4796		3137		2
3360		3137		2
2742		3137		2
6117		3137		2
5155		3137		2
556		3137		2
3052		3137		2
2172		3137		2
3928		3137		2
7932		3137		2
7283		3137		2
8566		3137		2
6620		3137		2
8393		3137		2
6313		3137		2
9692		3137		2
5194		3137		2
7524		3137		2
1268		3137		2
8814		3137		2
1151		3137		2
1251		3137		2
2297		3137		2
5988		3137		2
3531		3137		2
1136		3137		2
8058		3137		2
7391		3137		2
4442		3137		2
8599		3137		2
1839		3137		2
5003		3137		2
6728		3137		2
1353		3137		2
3332		3137		2
7990		3137		2
932		3137		2
138		3137		2
1303		3137		2
6713		3137		2
3122		3137		2
2260		3137		2
3500		3137		2
8666		3137		2
4540		3137		2
5054		3137		2
3045		3137		2
6479		3137		2
2081		3137		2
742		3137		2
8873		3137		2
2291		3137		2
4925		3137		2
9547		3137		2
8616		3137		2
7285		5836		2
947		5836		2
4910		5836		2
2831		5836		2
450		5836		2
7169		5836		2
2940		5836		2
8110		5836		2
2691		5836		2
3463		5836		2
4673		5836		2
3621		5836		2
1855		5836		2
6190		5836		2
3362		5836		2
3242		5836		2
1088		5836		2
3278		5836		2
2142		5836		2
6598		5836		2
693		5836		2
1590		5836		2
5822		5836		2
3482		5836		2
600		5836		2
7141		5836		2
6311		5836		2
6610		5836		2
2975		5836		2
6335		5836		2
1437		5836		2
1605		5836		2
9852		5836		2
6336		5836		2
4409		5836		2
1469		5836		2
6751		5836		2
8943		5836		2
901		5836		2
8533		5836		2
6464		5836		2
6737		5836		2
5954		5836		2
3031		5836		2
5382		5836		2
8258		5836		2
8384		5836		2
144		5836		2
6521		5836		2
5422		5836		2
4856		5836		2
9946		5836		2
4766		5836		2
3984		5836		2
3165		5836		2
5612		5836		2
7780		5836		2
6256		5836		2
8494		5836		2
7453		5836		2
1022		5836		2
2552		5836		2
3490		5836		2
7961		5836		2
1824		5836		2
1587		5836		2
7142		5836		2
5977		5836		2
8595		5836		2
9231		6500		2
2043		6500		2
2204		6500		2
5215		6500		2
8712		6500		2
3005		6500		2
4909		6500		2
1834		6500		2
7557		6500		2
4871		6500		2
2882		6500		2
5913		6500		2
7477		6500		2
3413		6500		2
8137		6500		2
6719		6500		2
7691		6500		2
6903		6500		2
8615		6500		2
6446		6500		2
4503		6500		2
8135		6500		2
1578		6500		2
5261		6500		2
9586		6500		2
746		6500		2
823		6500		2
6564		6500		2
4763		6500		2
4625		6500		2
473		6500		2
5824		6500		2
8867		6500		2
769		6500		2
9021		6500		2
3208		6500		2
6412		6500		2
2296		6500		2
686		6500		2
4435		6500		2
7966		6500		2
393		6500		2
8274		6500		2
6111		6500		2
8590		6500		2
6092		6500		2
5198		6500		2
4224		6500		2
1305		6500		2
8762		6500		2
1096		6500		2
1212		6500		2
5714		6500		2
7888		6500		2
5918		6500		2
1193		6500		2
2397		6500		2
5912		6500		2
8750		6500		2
6758		6500		2
5088		6500		2
551		6500		2
1713		6500		2
1743		6500		2
1512		6500		2
6365		6500		2
5268		6500		2
9803		6500		2
6214		6500		2
1812		6500		2
6138		6500		2
4996		6500		2
955		6500		2
5307		6500		2
1077		6500		2
5488		6500		2
8214		6500		2
2093		6500		2
8775		6500		2
2321		6500		2
9400		6500		2
7989		7577		2
9735		7577		2
6571		7577		2
3881		7577		2
314		7577		2
6130		7577		2
1930		7577		2
2693		7577		2
6062		7577		2
7911		7577		2
7537		7577		2
8174		7577		2
7406		7577		2
4324		7577		2
1036		7577		2
9360		7577		2
7980		7577		2
1084		7577		2
1177		7577		2
4304		7577		2
6406		7577		2
7383		7577		2
5319		7577		2
6527		7577		2
8365		7577		2
5972		7577		2
2546		7577		2
7278		7577		2
4285		7577		2
4200		7577		2
8109		7577		2
3697		7577		2
9334		7577		2
1204		7577		2
1367		7577		2
3436		7577		2
6169		7577		2
2830		7577		2
9519		7577		2
6776		7577		2
1879		7577		2
4867		7577		2
7976		7577		2
8213		7577		2
554		7577		2
7640		7577		2
1610		7577		2
1186		7577		2
3588		7577		2
9235		7577		2
7151		7577		2
949		7577		2
7953		7577		2
9559		7577		2
9571		7577		2
7825		7577		2
7450		7577		2
6184		7577		2
9063		7577		2
6140		7577		2
8983		7577		2
972		7577		2
3921		7577		2
3591		7577		2
6362		7577		2
1969		7577		2
5804		7577		2
4418		7577		2
5800		7577		2
9674		7577		2
11		7577		2
727		7577		2
3282		7577		2
4898		7577		2
7195		7577		2
6314		7577		2
4069		6341		2
3102		6341		2
1515		6341		2
1406		6341		2
6208		6341		2
9782		6341		2
7225		6341		2
6792		6341		2
813		6341		2
3058		6341		2
5158		6341		2
3934		6341		2
3654		6341		2
9917		6341		2
2520		6341		2
9226		6341		2
6574		6341		2
3389		6341		2
5995		6341		2
6754		6341		2
5337		6341		2
5254		6341		2
3004		6341		2
5354		6341		2
5884		6341		2
832		6341		2
1284		6341		2
6876		6341		2
7022		6341		2
6830		6341		2
9595		6341		2
9939		6341		2
5700		6341		2
278		6341		2
6302		6341		2
7686		6341		2
9033		6341		2
5218		6341		2
4400		6341		2
4849		6341		2
9914		6341		2
7399		6341		2
3734		6341		2
7012		6341		2
9523		6341		2
1956		6341		2
2072		6341		2
2713		6341		2
5662		6341		2
2722		6341		2
9849		6341		2
8641		6341		2
1217		6341		2
6712		6341		2
1046		6341		2
9107		6341		2
9875		6341		2
5383		6341		2
4029		6341		2
1431		6341		2
1813		6341		2
6998		6341		2
9398		6341		2
1124		6341		2
3089		6341		2
921		6341		2
984		6341		2
3439		6341		2
3370		6341		2
6332		6341		2
2597		6341		2
8920		6341		2
318		6341		2
7711		6341		2
1454		6341		2
8830		6341		2
3794		6341		2
1429		6341		2
8656		6341		2
6055		8659		2
2436		8659		2
770		8659		2
8713		8659		2
9607		8659		2
9274		8659		2
5979		8659		2
2757		8659		2
4933		8659		2
7843		8659		2
2772		8659		2
4748		8659		2
3888		8659		2
1922		8659		2
6202		8659		2
3785		8659		2
7339		8659		2
3359		8659		2
7444		8659		2
8119		8659		2
8163		8659		2
1915		8659		2
8398		8659		2
4228		8659		2
4522		8659		2
2362		8659		2
7425		8659		2
2480		8659		2
3414		8659		2
2177		8659		2
1901		8659		2
2355		8659		2
3664		8659		2
1070		8659		2
8768		8659		2
6815		8659		2
4049		8659		2
122		8659		2
5763		8659		2
4440		8659		2
5925		8659		2
7687		8659		2
7892		8659		2
1176		8659		2
1179		8659		2
3938		8659		2
4834		8659		2
822		8659		2
2787		8659		2
4926		8659		2
3101		8659		2
6291		8659		2
5575		8659		2
6550		8659		2
8957		8659		2
4835		8659		2
5394		8659		2
5264		8659		2
3139		8659		2
8802		8659		2
8329		8659		2
9974		8659		2
5510		8659		2
7995		8659		2
4611		8659		2
731		8659		2
2185		8659		2
1273		8659		2
5807		8659		2
4263		8659		2
2219		8659		2
9494		8659		2
3569		8659		2
1561		8659		2
5474		8659		2
3216		1751		2
8632		1751		2
9238		1751		2
8504		1751		2
4553		1751		2
8848		1751		2
1609		1751		2
2049		1751		2
5419		1751		2
2446		1751		2
2027		1751		2
2926		1751		2
8990		1751		2
8222		1751		2
5038		1751		2
9020		1751		2
2306		1751		2
3304		1751		2
9517		1751		2
7942		1751		2
8224		1751		2
9355		1751		2
6070		1751		2
4676		1751		2
3462		1751		2
2607		1751		2
4739		1751		2
7131		1751		2
8453		1751		2
27		1751		2
7268		1751		2
3158		1751		2
9409		1751		2
4842		1751		2
4510		1751		2
6671		1751		2
645		1751		2
8785		1751		2
3955		1751		2
6918		1751		2
323		1751		2
4507		1751		2
3683		1751		2
3277		1751		2
3661		1751		2
6191		1751		2
7231		1751		2
5075		1751		2
6583		1751		2
1881		1751		2
9389		1751		2
5643		1751		2
6999		1751		2
7293		1751		2
8928		1751		2
5301		1751		2
4071		1751		2
7028		1751		2
4558		1751		2
7972		1751		2
9539		1751		2
2557		1751		2
4384		1751		2
2813		1751		2
7650		1751		2
6743		1751		2
7695		5029		2
4523		5029		2
3383		5029		2
9880		5029		2
1139		5029		2
3966		5029		2
2250		5029		2
7184		5029		2
8506		5029		2
3092		5029		2
4914		5029		2
4990		5029		2
254		5029		2
1328		5029		2
2542		5029		2
6849		5029		2
6549		5029		2
7626		5029		2
1334		5029		2
7186		5029		2
5731		5029		2
5475		5029		2
8631		5029		2
4647		5029		2
1023		5029		2
7386		5029		2
7743		5029		2
915		5029		2
496		5029		2
8138		5029		2
8489		5029		2
7187		5029		2
6127		5029		2
6490		5029		2
431		5029		2
5665		5029		2
8049		5029		2
863		5029		2
1828		5029		2
2979		5029		2
2697		5029		2
3197		5029		2
8738		5029		2
1313		5029		2
5749		5029		2
8737		5029		2
8171		5029		2
6452		5029		2
7197		5029		2
5365		5029		2
4595		5029		2
2764		5029		2
3916		5029		2
5178		5029		2
808		5029		2
1489		5029		2
2854		5029		2
1462		5029		2
8215		5029		2
388		5029		2
2920		5029		2
1701		5029		2
8344		5029		2
1972		5029		2
6266		5029		2
3243		5029		2
5855		5029		2
9775		5029		2
6205		5029		2
3054		436		2
3638		436		2
5856		436		2
2762		436		2
6854		436		2
7380		436		2
5202		436		2
2481		436		2
2522		436		2
8878		436		2
4037		436		2
9862		436		2
3126		436		2
6607		436		2
9057		436		2
7663		436		2
9657		436		2
7414		436		2
5559		436		2
4951		436		2
3184		436		2
7879		436		2
5121		436		2
2302		436		2
6194		436		2
9419		436		2
4178		436		2
8270		436		2
6021		436		2
4453		436		2
9077		436		2
4047		436		2
882		436		2
4784		436		2
4713		436		2
3072		436		2
310		436		2
2116		436		2
3338		436		2
2570		436		2
6695		436		2
7473		436		2
6893		436		2
5941		436		2
1647		436		2
3855		436		2
1323		436		2
5500		436		2
2229		436		2
4714		436		2
8010		436		2
1354		436		2
8098		436		2
4799		436		2
8542		436		2
36		436		2
2876		436		2
5040		436		2
9387		436		2
6539		436		2
7906		436		2
354		436		2
6287		436		2
574		436		2
4886		436		2
8030		436		2
240		436		2
1131		1754		2
8487		1754		2
1108		1754		2
4640		1754		2
7594		1754		2
3215		1754		2
3449		1754		2
616		1754		2
8835		1754		2
9103		1754		2
3059		1754		2
5668		1754		2
4231		1754		2
5853		1754		2
9029		1754		2
3125		1754		2
2448		1754		2
91		1754		2
1555		1754		2
4884		1754		2
8339		1754		2
1095		1754		2
1076		1754		2
968		1754		2
9963		1754		2
6091		1754		2
7256		1754		2
7506		1754		2
2781		1754		2
8976		1754		2
1452		1754		2
961		1754		2
5300		1754		2
8655		1754		2
6203		1754		2
6044		1754		2
2318		1754		2
5129		1754		2
3660		1754		2
2057		1754		2
3884		1754		2
7853		1754		2
8998		1754		2
5931		1754		2
5495		1754		2
6212		1754		2
9881		1754		2
794		1754		2
6167		1754		2
7219		1754		2
6292		1754		2
3295		1754		2
4924		1754		2
8194		1754		2
6274		1754		2
1886		1754		2
8406		1754		2
8471		1754		2
1675		1754		2
6473		1754		2
1658		1754		2
962		1754		2
8349		1754		2
1880		1754		2
7689		1754		2
7369		1754		2
9407		1754		2
6522		1754		2
1802		1754		2
9346		1754		2
1565		1754		2
3484		1754		2
6821		1754		2
5899		3001		2
3480		3001		2
3142		3001		2
5538		3001		2
4742		3001		2
684		3001		2
9948		3001		2
3245		3001		2
8761		3001		2
3534		3001		2
1359		3001		2
188		3001		2
4970		3001		2
6142		3001		2
6586		3001		2
831		3001		2
9158		3001		2
3263		3001		2
733		3001		2
18		3001		2
3866		3001		2
8700		3001		2
651		3001		2
5472		3001		2
5060		3001		2
8561		3001		2
3055		3001		2
1949		3001		2
6964		3001		2
5115		3001		2
2425		3001		2
8407		3001		2
7773		3001		2
8116		3001		2
8303		3001		2
3029		3001		2
2267		3001		2
5621		3001		2
9477		3001		2
2824		3001		2
8704		3001		2
3041		3001		2
9349		3001		2
174		3001		2
7710		3001		2
1892		3001		2
9024		3001		2
9221		3001		2
3650		3001		2
9277		3001		2
9017		3001		2
4645		3001		2
697		3001		2
3114		3001		2
7304		3001		2
9676		3001		2
631		3001		2
4081		3001		2
8151		3001		2
3378		3001		2
662		3001		2
1210		3001		2
9101		3001		2
8016		3001		2
1072		3001		2
1033		3001		2
6285		3001		2
5436		5690		2
5566		5690		2
1234		5690		2
7929		5690		2
2022		5690		2
8723		5690		2
4533		5690		2
8876		5690		2
3584		5690		2
6562		5690		2
1065		5690		2
8113		5690		2
4668		5690		2
8978		5690		2
171		5690		2
4024		5690		2
3237		5690		2
3391		5690		2
1324		5690		2
9806		5690		2
8044		5690		2
6113		5690		2
8896		5690		2
1187		5690		2
313		5690		2
2337		5690		2
5900		5690		2
7778		5690		2
7876		5690		2
9545		5690		2
5785		5690		2
691		5690		2
2295		5690		2
244		5690		2
8649		5690		2
1990		5690		2
1028		5690		2
3537		5690		2
6630		5690		2
3104		5690		2
2060		5690		2
2608		5690		2
1250		5690		2
827		5690		2
8146		5690		2
9354		5690		2
7251		5690		2
4092		5690		2
389		5690		2
5926		5690		2
2839		5690		2
288		5690		2
3145		5690		2
7822		5690		2
3038		5690		2
6039		5690		2
1889		5690		2
1492		5690		2
1289		5690		2
2215		5690		2
5336		5690		2
1608		871		2
9125		871		2
4340		871		2
8601		871		2
7861		871		2
9228		871		2
3107		871		2
8863		871		2
3156		871		2
4581		871		2
7592		871		2
8645		871		2
879		871		2
9347		871		2
4140		871		2
2906		871		2
1407		871		2
119		871		2
7237		871		2
7659		871		2
4698		871		2
2577		871		2
2931		871		2
5524		871		2
9695		871		2
3846		871		2
7443		871		2
9502		871		2
5741		871		2
8541		871		2
3827		871		2
1541		871		2
3964		871		2
7698		871		2
560		871		2
4497		871		2
5032		871		2
615		871		2
9250		871		2
9747		871		2
1846		871		2
9530		871		2
1618		871		2
3524		871		2
2791		871		2
3195		871		2
6716		871		2
2868		871		2
9830		871		2
4688		871		2
5339		871		2
1977		871		2
2271		871		2
3144		871		2
6979		871		2
7547		871		2
185		871		2
9121		871		2
3694		871		2
3489		871		2
9921		871		2
8548		871		2
5462		871		2
8860		871		2
1995		871		2
230		871		2
2156		871		2
7048		871		2
2640		871		2
9785		871		2
3008		871		2
7403		2582		2
1885		2582		2
2252		2582		2
1		2582		2
9487		2582		2
3478		2582		2
7987		2582		2
751		2582		2
3713		2582		2
9211		2582		2
4002		2582		2
9176		2582		2
9196		2582		2
1517		2582		2
694		2582		2
4395		2582		2
1799		2582		2
4810		2582		2
887		2582		2
2205		2582		2
5938		2582		2
1062		2582		2
3033		2582		2
2441		2582		2
6615		2582		2
6093		2582		2
4133		2582		2
7529		2582		2
9942		2582		2
3995		2582		2
1761		2582		2
6955		2582		2
6296		2582		2
918		2582		2
2258		2582		2
3989		2582		2
3685		2582		2
884		2582		2
4733		2582		2
1650		2582		2
5028		2582		2
2514		2582		2
6267		2582		2
2529		2582		2
5136		2582		2
1473		2582		2
2113		2582		2
6927		2582		2
4991		2582		2
7047		2582		2
689		2582		2
7218		2582		2
7818		2582		2
9341		2582		2
5217		2582		2
5277		2582		2
1332		2582		2
1066		2582		2
6069		2582		2
4256		6518		2
5235		6518		2
6858		6518		2
3293		6518		2
5806		6518		2
656		6518		2
5223		6518		2
3778		6518		2
3540		6518		2
8375		6518		2
2309		6518		2
1707		6518		2
7011		6518		2
8883		6518		2
7785		6518		2
5414		6518		2
332		6518		2
1497		6518		2
4679		6518		2
1806		6518		2
4176		6518		2
5844		6518		2
7612		6518		2
8446		6518		2
1482		6518		2
6573		6518		2
8902		6518		2
6627		6518		2
4774		6518		2
8118		6518		2
4410		6518		2
3653		6518		2
2489		6518		2
5545		6518		2
2564		6518		2
1542		6518		2
3962		6518		2
2008		6518		2
3051		6518		2
1327		6518		2
7355		6518		2
6257		6518		2
8890		6518		2
2524		6518		2
6454		6518		2
817		6518		2
449		6518		2
5361		6518		2
4019		6518		2
4897		6518		2
2870		6518		2
6884		6518		2
1811		6518		2
7758		6518		2
238		6518		2
4481		6518		2
3901		6518		2
8520		6518		2
2151		6363		2
5282		6363		2
9286		6363		2
8327		6363		2
8464		6363		2
8432		6363		2
5477		6363		2
1024		6363		2
1410		6363		2
3256		6363		2
9576		6363		2
4968		6363		2
1897		6363		2
4217		6363		2
7103		6363		2
816		6363		2
2442		6363		2
4005		6363		2
145		6363		2
3236		6363		2
8386		6363		2
3249		6363		2
7597		6363		2
7365		6363		2
1363		6363		2
5611		6363		2
3948		6363		2
2088		6363		2
9369		6363		2
3679		6363		2
7707		6363		2
7134		6363		2
2853		6363		2
2412		6363		2
9467		6363		2
7037		6363		2
6036		6363		2
8705		6363		2
2723		6363		2
6753		6363		2
4383		6363		2
865		6363		2
5240		6363		2
1757		6363		2
2463		6363		2
3530		6363		2
3196		6363		2
4620		6363		2
2307		6363		2
9183		6363		2
5497		5039		2
127		5039		2
784		5039		2
6819		5039		2
1676		5039		2
7854		5039		2
664		5039		2
3564		5039		2
1230		5039		2
8176		5039		2
31		5039		2
5082		5039		2
4639		5039		2
9537		5039		2
4172		5039		2
1495		5039		2
6329		5039		2
9146		5039		2
5404		5039		2
4428		5039		2
4797		5039		2
462		5039		2
8143		5039		2
1451		5039		2
8046		5039		2
9832		5039		2
4565		5039		2
4451		5039		2
1141		5039		2
787		5039		2
126		5039		2
2571		5039		2
3641		5039		2
5637		5039		2
3581		5039		2
5017		5039		2
8882		5039		2
5113		5039		2
931		5039		2
5521		5039		2
8836		5039		2
3279		5039		2
1792		5039		2
3502		5039		2
9987		5039		2
6163		5039		2
9581		5039		2
446		5039		2
7617		5039		2
7282		5039		2
2838		5039		2
2168		5039		2
4944		5039		2
3486		5039		2
3852		5039		2
7712		5039		2
2835		5039		2
4953		5039		2
5871		5039		2
3020		5039		2
5405		6451		2
2822		6451		2
1163		6451		2
3717		6451		2
9299		6451		2
3559		6451		2
6887		6451		2
1601		6451		2
9555		6451		2
7668		6451		2
3957		6451		2
566		6451		2
8567		6451		2
5620		6451		2
1572		6451		2
3367		6451		2
3708		6451		2
8313		6451		2
3416		6451		2
8686		6451		2
52		6451		2
7584		6451		2
6807		6451		2
3148		6451		2
2574		6451		2
7984		6451		2
4988		6451		2
177		6451		2
3954		6451		2
357		6451		2
6134		6451		2
4527		6451		2
4918		6451		2
6777		6451		2
1481		6451		2
3907		6451		2
8332		6451		2
5001		6451		2
7826		6451		2
9054		6451		2
9922		6451		2
7170		6451		2
7156		6451		2
75		6451		2
7207		6451		2
2699		6451		2
7352		6451		2
4609		6451		2
40		6451		2
621		6451		2
3994		6451		2
1052		6451		2
6533		9348		2
5537		9348		2
8232		9348		2
6320		9348		2
4075		9348		2
2330		9348		2
5865		9348		2
7364		9348		2
1503		9348		2
402		9348		2
4164		9348		2
6988		9348		2
4120		9348		2
4878		9348		2
2671		9348		2
2614		9348		2
6634		9348		2
5041		9348		2
8345		9348		2
1869		9348		2
6251		9348		2
4301		9348		2
8308		9348		2
1137		9348		2
4310		9348		2
5188		9348		2
5535		9348		2
3047		9348		2
1055		9348		2
9751		9348		2
2345		9348		2
9098		9348		2
7104		9348		2
3357		9348		2
9469		9348		2
8212		9348		2
47		9348		2
9040		9348		2
1198		9348		2
4599		9348		2
4397		9348		2
6032		9348		2
1424		9348		2
1909		9348		2
546		9348		2
3807		9348		2
9768		9348		2
9932		9348		2
2101		9348		2
2927		3404		2
9290		3404		2
5586		3404		2
7578		3404		2
2705		3404		2
1721		3404		2
9894		3404		2
649		3404		2
604		3404		2
9746		3404		2
7188		3404		2
3024		3404		2
9909		3404		2
9944		3404		2
8284		3404		2
1224		3404		2
7867		3404		2
2033		3404		2
4895		3404		2
8505		3404		2
5628		3404		2
54		3404		2
4787		3404		2
9592		3404		2
5138		3404		2
7878		3404		2
7507		3404		2
8322		3404		2
3151		3404		2
1059		3404		2
453		3404		2
5506		3404		2
8145		3404		2
8220		3404		2
4848		3404		2
7704		3404		2
5364		3404		2
5468		3404		2
1521		3404		2
1731		3404		2
4847		3404		2
1691		3404		2
9393		3404		2
8627		3404		2
1048		3404		2
7192		3404		2
352		3404		2
3933		3404		2
6072		3404		2
7056		3404		2
4269		3404		2
4817		3404		2
6000		3404		2
4143		7177		2
6084		7177		2
9259		7177		2
6357		7177		2
3732		7177		2
6439		7177		2
241		7177		2
7902		7177		2
6975		7177		2
6689		7177		2
3876		7177		2
7947		7177		2
982		7177		2
7535		7177		2
5143		7177		2
5557		7177		2
1830		7177		2
5585		7177		2
2300		7177		2
933		7177		2
2361		7177		2
9723		7177		2
6902		7177		2
9859		7177		2
6177		7177		2
4789		7177		2
478		7177		2
7596		7177		2
7908		7177		2
4778		7177		2
4892		7177		2
6772		7177		2
3308		7177		2
4614		7177		2
7669		7177		2
8053		7177		2
5924		7177		2
6192		7177		2
5126		7177		2
4394		7177		2
8242		7177		2
8967		7177		2
3988		7177		2
8441		7177		2
9375		7177		2
1279		7177		2
8774		7177		2
9863		7177		2
9129		7177		2
9675		7177		2
2376		7177		2
8630		7177		2
7749		5561		2
5653		5561		2
151		5561		2
4746		5561		2
6676		5561		2
3200		5561		2
3801		5561		2
1952		5561		2
234		5561		2
9411		5561		2
2938		5561		2
9481		5561		2
5794		5561		2
8818		5561		2
251		5561		2
954		5561		2
8861		5561		2
4561		5561		2
7574		5561		2
4873		5561		2
4567		5561		2
2604		5561		2
1104		5561		2
8841		5561		2
9693		5561		2
1996		5561		2
3518		5561		2
8231		5561		2
6623		5561		2
7552		5561		2
6882		5561		2
9861		5561		2
7062		5561		2
6806		5561		2
5691		5561		2
4415		5561		2
1755		5561		2
5783		5561		2
5534		5561		2
7264		5561		2
1100		5561		2
7179		5561		2
2364		5561		2
9003		5561		2
3218		5561		2
8703		5561		2
4114		5561		2
767		5561		2
370		5561		2
5678		5561		2
1666		5561		2
3340		5561		2
8225		5561		2
4899		5561		2
5207		5561		2
4572		5561		2
9814		2159		2
2284		2159		2
1624		2159		2
8251		2159		2
1882		2159		2
9642		2159		2
8889		2159		2
3600		2159		2
5322		2159		2
9798		2159		2
4841		2159		2
261		2159		2
5781		2159		2
5437		2159		2
8444		2159		2
8929		2159		2
8777		2159		2
8693		2159		2
1667		2159		2
6486		2159		2
5350		2159		2
2132		2159		2
3160		2159		2
6206		2159		2
1269		2159		2
3409		2159		2
4773		2159		2
3044		2159		2
3513		2159		2
8609		2159		2
5440		2159		2
2892		2159		2
8477		2159		2
3839		2159		2
3578		2159		2
1087		2159		2
8771		2159		2
8017		2159		2
2807		2159		2
2585		2159		2
5094		2159		2
2455		2159		2
2674		2159		2
5759		2159		2
9035		2159		2
8925		2159		2
353		2159		2
7362		2159		2
6350		2159		2
6935		2159		2
9243		2159		2
2500		2159		2
2224		1786		2
7336		1786		2
9534		1786		2
7452		1786		2
4685		1786		2
4487		1786		2
2857		1786		2
8586		1786		2
8330		1786		2
9685		1786		2
4407		1786		2
1660		1786		2
6563		1786		2
9152		1786		2
4573		1786		2
5684		1786		2
5344		1786		2
952		1786		2
8834		1786		2
7750		1786		2
9989		1786		2
2430		1786		2
8465		1786		2
565		1786		2
1092		1786		2
2903		1786		2
7756		1786		2
3154		1786		2
2395		1786		2
8732		1786		2
3214		1786		2
2507		1786		2
9773		1786		2
2438		1786		2
2508		1786		2
180		1786		2
115		1786		2
285		1786		2
4985		1786		2
2708		1786		2
3686		1786		2
6919		1786		2
5782		1786		2
2586		1786		2
2367		1786		2
5069		1786		2
9075		1786		2
6411		1786		2
7039		1786		2
5456		1786		2
7836		1786		2
5070		9688		2
3075		9688		2
4532		9688		2
6438		9688		2
7864		9688		2
7416		9688		2
7950		9688		2
2107		9688		2
3116		9688		2
6793		9688		2
4424		9688		2
1912		9688		2
8724		9688		2
2928		9688		2
1690		9688		2
7426		9688		2
3727		9688		2
3076		9688		2
4351		9688		2
652		9688		2
8776		9688		2
3552		9688		2
8045		9688		2
5078		9688		2
3878		9688		2
1128		9688		2
7665		9688		2
3799		9688		2
9940		9688		2
969		9688		2
1329		9688		2
919		9688		2
9661		9688		2
4413		9688		2
7786		9688		2
7287		9688		2
139		9688		2
4559		9688		2
6397		9688		2
3673		9688		2
1756		9688		2
2175		9688		2
9823		9688		2
8869		9688		2
8681		9688		2
4416		9688		2
368		9688		2
460		9688		2
8643		9688		2
2790		9688		2
5274		9688		2
7850		9688		2
6894		9688		2
8906		8991		2
9633		8991		2
376		8991		2
3136		8991		2
2798		8991		2
5371		8991		2
9708		8991		2
8142		8991		2
7589		8991		2
908		8991		2
900		8991		2
5623		8991		2
173		8991		2
369		8991		2
8069		8991		2
7954		8991		2
3189		8991		2
8840		8991		2
5130		8991		2
1694		8991		2
3307		8991		2
3943		8991		2
9783		8991		2
5093		8991		2
800		8991		2
5516		8991		2
9284		8991		2
9508		8991		2
8195		8991		2
2702		8991		2
5796		8991		2
4969		8991		2
1597		8991		2
7586		8991		2
896		8991		2
7726		8991		2
5123		8991		2
3223		8991		2
5543		8991		2
618		8991		2
695		8991		2
9189		8991		2
3012		5777		2
8073		5777		2
9282		5777		2
8248		5777		2
9920		5777		2
2092		5777		2
6861		5777		2
8795		5777		2
6885		5777		2
4853		5777		2
5929		5777		2
5591		5777		2
7360		5777		2
2761		5777		2
6244		5777		2
5317		5777		2
4765		5777		2
1907		5777		2
3505		5777		2
820		5777		2
6366		5777		2
2875		5777		2
4439		5777		2
6532		5777		2
1946		5777		2
4566		5777		2
2967		5777		2
8672		5777		2
2136		5777		2
6258		5777		2
6974		5777		2
1416		5777		2
8101		5777		2
4330		5777		2
2179		5777		2
541		5777		2
1083		5777		2
9896		5777		2
8281		5777		2
2373		5777		2
5613		5777		2
9964		5777		2
289		5777		2
9456		7019		2
1623		7019		2
5787		7019		2
9443		7019		2
1556		7019		2
3849		7019		2
8942		7019		2
2628		7019		2
9102		7019		2
7206		7019		2
6131		7019		2
55		7019		2
5163		7019		2
3596		7019		2
4279		7019		2
6436		7019		2
1037		7019		2
9540		7019		2
778		7019		2
4931		7019		2
7546		7019		2
4794		7019		2
6890		7019		2
1638		7019		2
876		7019		2
8400		7019		2
6284		7019		2
3100		7019		2
356		7019		2
6881		7019		2
49		7019		2
5666		7019		2
4823		7019		2
2721		7019		2
4250		7019		2
2538		7019		2
1506		7019		2
1838		7019		2
7993		7019		2
1321		7019		2
5101		7019		2
8985		7019		2
4043		7019		2
4313		7019		2
1947		7019		2
340		7019		2
2700		7019		2
1648		7019		2
2400		7019		2
6572		8654		2
5809		8654		2
1013		8654		2
1685		8654		2
9150		8654		2
9177		8654		2
2890		8654		2
9548		8654		2
7132		8654		2
6147		8654		2
7567		8654		2
2085		8654		2
9978		8654		2
2993		8654		2
89		8654		2
5374		8654		2
6152		8654		2
2800		8654		2
8325		8654		2
3914		8654		2
8293		8654		2
4353		8654		2
9363		8654		2
8245		8654		2
2265		8654		2
7760		8654		2
5527		8654		2
1185		8654		2
2437		8654		2
992		8654		2
9564		8654		2
2960		8654		2
2335		8654		2
39		8654		2
4159		8654		2
9712		8654		2
6355		8654		2
8634		2383		2
3354		2383		2
9887		2383		2
7753		2383		2
4160		2383		2
104		2383		2
9412		2383		2
1715		2383		2
7041		2383		2
9510		2383		2
3420		2383		2
9904		2383		2
6626		2383		2
7005		2383		2
9953		2383		2
8006		2383		2
4359		2383		2
5098		2383		2
2162		2383		2
5359		2383		2
4493		2383		2
5715		2383		2
4814		2383		2
9938		2383		2
4127		2383		2
3146		2383		2
1138		2383		2
1002		2383		2
9767		2383		2
3149		2383		2
5012		2383		2
2767		2383		2
280		2383		2
630		2383		2
5577		2383		2
4423		2383		2
1937		9915		2
1247		9915		2
4372		9915		2
3287		9915		2
4608		9915		2
8958		9915		2
5707		9915		2
2010		9915		2
1981		9915		2
1768		9915		2
675		9915		2
3312		9915		2
8060		9915		2
6618		9915		2
5991		9915		2
4000		9915		2
3346		9915		2
6403		9915		2
7968		9915		2
1944		9915		2
5184		9915		2
4547		9915		2
1195		9915		2
5945		9915		2
4661		9915		2
4214		9915		2
2460		9915		2
2521		9915		2
8157		9915		2
1063		9915		2
2377		9915		2
8124		9915		2
8698		9915		2
8472		9915		2
8674		9915		2
5937		9915		2
2715		9915		2
3129		9915		2
1479		9915		2
669		9915		2
9731		9915		2
9257		9915		2
7211		9915		2
6278		9915		2
9601		9915		2
109		9915		2
1318		2200		2
6166		2200		2
7241		2200		2
7143		2200		2
8515		2200		2
9908		2200		2
207		2200		2
1893		2200		2
755		2200		2
9892		2200		2
793		2200		2
6940		2200		2
9041		2200		2
7300		2200		2
2344		2200		2
3777		2200		2
8122		2200		2
346		2200		2
9442		2200		2
3940		2200		2
6222		2200		2
7320		2200		2
4443		2200		2
1122		2200		2
8331		2200		2
3337		2200		2
9240		2200		2
7517		2200		2
8180		2200		2
3651		2200		2
4034		2200		2
3516		2200		2
6371		2200		2
5554		2200		2
8148		2200		2
687		2200		2
4489		2200		2
265		2200		2
6074		4331		2
6466		4331		2
3820		4331		2
6353		4331		2
6723		4331		2
3687		4331		2
4158		4331		2
5928		4331		2
4740		4331		2
9171		4331		2
5647		4331		2
4338		4331		2
6359		4331		2
6475		4331		2
483		4331		2
6603		4331		2
3619		4331		2
8469		4331		2
5654		4331		2
7630		4331		2
8369		4331		2
9140		4331		2
8822		4331		2
9255		4331		2
734		4331		2
7454		4331		2
4157		4331		2
3384		4331		2
455		4331		2
3042		4331		2
9301		4331		2
5323		4331		2
4388		4331		2
8054		4331		2
2620		4331		2
7413		4331		2
9091		4331		2
6404		4331		2
4189		4331		2
8370		4331		2
6187		4331		2
749		4331		2
1576		4331		2
9191		4331		2
490		4331		2
9413		4331		2
1035		4331		2
7614		4331		2
6402		4331		2
5389		4331		2
873		4331		2
8977		4331		2
2658		4331		2
6939		4331		2
8405		4331		2
3336		4331		2
7075		8188		2
1532		8188		2
1840		8188		2
3016		8188		2
6047		8188		2
3093		8188		2
7267		8188		2
9283		8188		2
3065		8188		2
3441		8188		2
5190		8188		2
7389		8188		2
5903		8188		2
7228		8188		2
3545		8188		2
6787		8188		2
8139		8188		2
5955		8188		2
7521		8188		2
7622		8188		2
539		8188		2
8102		8188		2
1749		8188		2
9265		8188		2
6151		8188		2
3313		8188		2
690		8188		2
8917		8188		2
2851		8188		2
3684		8188		2
8418		8188		2
7168		8188		2
5673		8188		2
8621		8188		2
5203		8188		2
9899		8188		2
840		8188		2
6175		8188		2
7610		3944		2
3809		3944		2
7262		3944		2
7833		3944		2
7050		3944		2
3261		3944		2
6423		3944		2
2806		3944		2
3672		3944		2
9911		3944		2
8984		3944		2
6395		3944		2
3663		3944		2
6749		3944		2
9895		3944		2
2241		3944		2
6818		3944		2
3882		3944		2
2619		3944		2
909		3944		2
1361		3944		2
855		3944		2
5393		3944		2
3832		3944		2
5762		3944		2
9066		3944		2
1201		3944		2
3840		3944		2
1780		3944		2
5479		3944		2
8941		3944		2
1796		3944		2
6538		3944		2
8089		3944		2
7728		3944		2
9330		3944		2
9415		3944		2
748		3944		2
9364		3944		2
966		3944		2
2965		8773		2
4790		8773		2
3769		8773		2
3959		8773		2
5874		8773		2
2		8773		2
902		8773		2
3294		8773		2
1611		8773		2
1851		8773		2
4064		8773		2
349		8773		2
963		8773		2
7327		8773		2
2833		8773		2
8254		8773		2
430		8773		2
1514		8773		2
3402		8773		2
8839		8773		2
8486		8773		2
1285		8773		2
5161		8773		2
2339		8773		2
5744		8773		2
4398		8773		2
7292		8773		2
4692		8773		2
8636		8773		2
8936		8773		2
33		8773		2
5898		8773		2
5660		8773		2
3739		8773		2
8130		2246		2
3501		2246		2
9514		2246		2
7013		2246		2
509		2246		2
4694		2246		2
4480		2246		2
4582		2246		2
8379		2246		2
4197		2246		2
4619		2246		2
6942		2246		2
9651		2246		2
4516		2246		2
8543		2246		2
1686		2246		2
32		2246		2
328		2246		2
9253		2246		2
2632		2246		2
7094		2246		2
4027		2246		2
4932		2246		2
8790		2246		2
9197		2246		2
8778		2246		2
8668		6632		2
9910		6632		2
3671		6632		2
6135		6632		2
6345		6632		2
1724		6632		2
7936		6632		2
3935		6632		2
1202		6632		2
5197		6632		2
2244		6632		2
1933		6632		2
2503		6632		2
3179		6632		2
2758		6632		2
7997		6632		2
8052		6632		2
9604		6632		2
2622		6632		2
7937		6632		2
9099		6632		2
6869		6632		2
6465		6632		2
7204		6632		2
1750		6632		2
9474		6632		2
538		6632		2
3635		6632		2
612		6632		2
9515		6632		2
443		6632		2
9385		6632		2
4145		6632		2
839		6632		2
3365		6632		2
1681		7729		2
120		7729		2
6432		7729		2
6060		7729		2
7607		7729		2
199		7729		2
7217		7729		2
9619		7729		2
5095		7729		2
1874		7729		2
8877		7729		2
7489		7729		2
3077		7729		2
5597		7729		2
658		7729		2
9646		7729		2
1400		7729		2
8394		7729		2
610		7729		2
6661		7729		2
696		7729		2
5200		7729		2
2426		7729		2
1493		7729		2
7946		7729		2
8927		7729		2
2225		7729		2
8763		7729		2
2754		7729		2
5969		7729		2
5230		7729		2
1051		7729		2
8819		7729		2
7421		7729		2
6471		7729		2
510		7729		2
9447		7729		2
1350		7729		2
3800		7729		2
3729		3108		2
6566		3108		2
9096		3108		2
6834		3108		2
3853		3108		2
2058		3108		2
7519		3108		2
6173		3108		2
342		3108		2
7783		3108		2
3330		3108		2
7797		3108		2
7670		3108		2
3255		3108		2
7470		3108		2
7082		3108		2
4475		3108		2
6956		3108		2
383		3108		2
9269		3108		2
3639		3108		2
2921		3108		2
4342		3108		2
3738		3108		2
857		3108		2
1260		6392		2
6594		6392		2
5484		6392		2
8390		6392		2
6288		6392		2
7378		6392		2
9013		6392		2
9458		6392		2
359		6392		2
1519		6392		2
1391		6392		2
9929		6392		2
3067		6392		2
2299		6392		2
6986		6392		2
5311		6392		2
1722		6392		2
3408		6392		2
3302		6392		2
7539		6392		2
1293		6392		2
2484		6392		2
6888		6392		2
1484		6392		2
1060		6392		2
4928		6392		2
981		6392		2
1286		6392		2
1225		3377		2
4596		3377		2
6304		3377		2
8833		3377		2
8295		3377		2
9856		3377		2
9463		3377		2
6223		3377		2
135		3377		2
5614		3377		2
9486		3377		2
6157		3377		2
7146		3377		2
7381		3377		2
8202		3377		2
1436		3377		2
2558		3377		2
6042		3377		2
1047		3377		2
8203		3377		2
881		3377		2
5857		3377		2
6461		3377		2
7868		3377		2
191		3377		2
3432		3377		2
5905		3377		2
7099		3377		2
260		3377		2
8816		3377		2
9213		3377		2
6391		3377		2
6144		3119		2
331		3119		2
4593		3119		2
279		3119		2
5656		3119		2
2118		3119		2
3997		3119		2
4862		3119		2
8156		3119		2
514		3119		2
3296		3119		2
2262		3119		2
3209		3119		2
1739		3119		2
819		3119		2
2192		3119		2
799		3119		2
4445		3119		2
9853		3119		2
7451		3119		2
8727		3119		2
9526		3119		2
2510		3119		2
5483		3119		2
9109		3119		2
4382		3119		2
8820		3119		2
8125		3119		2
4371		3119		2
2584		3119		2
7009		3119		2
3022		3119		2
3637		3119		2
1778		3119		2
4296		3119		2
6932		3119		2
5227		3119		2
9659		9697		2
4546		9697		2
2771		9697		2
2950		9697		2
9448		9697		2
1883		9697		2
1449		9697		2
4467		9697		2
258		9697		2
6800		9697		2
350		9697		2
4709		9697		2
5249		9697		2
5213		9697		2
4103		9697		2
8059		9697		2
8070		9697		2
4557		9697		2
9531		9697		2
6200		9697		2
2588		9697		2
4880		9697		2
6409		9697		2
3172		9697		2
2964		9697		2
5957		9697		2
8319		9697		2
9772		9697		2
3986		9697		2
4911		9697		2
4026		9697		2
3676		9697		2
6922		9697		2
5368		8328		2
400		8328		2
9141		8328		2
9886		8328		2
4357		8328		2
7962		8328		2
5288		8328		2
445		8328		2
1547		8328		2
110		8328		2
4306		8328		2
9627		8328		2
341		8328		2
3017		8328		2
2587		8328		2
9319		8328		2
1380		8328		2
5638		8328		2
8759		8328		2
6755		8328		2
1784		8328		2
7702		8328		2
9628		8328		2
6953		8328		2
3923		8328		2
6301		8328		2
2593		8328		2
8333		8328		2
1766		8328		2
2111		8328		2
6048		8328		2
956		8354		2
9573		8354		2
928		8354		2
2493		8354		2
9206		8354		2
1847		8354		2
4028		8354		2
3756		8354		2
411		8354		2
3007		8354		2
8412		8354		2
2879		8354		2
6667		8354		2
5780		8354		2
3590		8354		2
1501		8354		2
2082		8354		2
8002		8354		2
1774		8354		2
9536		8354		2
9297		8354		2
416		8354		2
1747		8354		2
3731		8354		2
7910		8354		2
5335		8354		2
5310		8354		2
724		8354		2
6321		8354		2
5560		8354		2
9691		8354		2
8277		8503		2
1240		8503		2
7194		8503		2
3166		8503		2
1732		8503		2
7432		8503		2
6780		8503		2
3074		8503		2
824		8503		2
179		8503		2
8399		8503		2
6440		8503		2
3544		8503		2
3376		8503		2
2133		8503		2
8612		8503		2
2844		8503		2
9496		8503		2
448		8503		2
1168		8503		2
4264		8503		2
998		8503		2
4754		8503		2
9427		8503		2
1845		8503		2
1550		8503		2
8886		8503		2
7616		8503		2
9212		8503		2
9335		2666		2
609		2666		2
2110		2666		2
2511		2666		2
7409		2666		2
1637		2666		2
911		2666		2
9441		2666		2
1656		2666		2
9930		2666		2
1209		2666		2
9113		2666		2
1520		2666		2
3557		2666		2
5442		2666		2
8746		2666		2
7484		2666		2
4555		2666		2
7983		2666		2
7858		2666		2
8056		2666		2
4580		2666		2
7149		2666		2
5965		2666		2
9800		2666		2
4369		2666		2
2098		2666		2
5225		2666		2
2566		2666		2
1181		1399		2
8794		1399		2
7909		1399		2
8080		1399		2
6498		1399		2
5271		1399		2
306		1399		2
2424		1399		2
9720		1399		2
1283		1399		2
9638		1399		2
8859		1399		2
1992		1399		2
7160		1399		2
2788		1399		2
7715		1399		2
9805		1399		2
7441		1399		2
7010		1399		2
6035		1399		2
6767		1399		2
1394		1399		2
9653		1399		2
8068		1399		2
9903		1399		2
5820		1399		2
5324		1399		2
8304		1399		2
6516		1399		2
7497		1399		2
3456		1399		2
8470		1399		2
480		1399		2
4863		1399		2
4757		1399		2
8057		1399		2
7903		1399		2
5706		4535		2
4210		4535		2
4130		4535		2
890		4535		2
9575		4535		2
5181		4535		2
7375		4535		2
4017		4535		2
2667		4535		2
9739		4535		2
391		4535		2
5293		4535		2
6901		4535		2
9174		4535		2
738		4535		2
9500		4535		2
9512		4535		2
1249		4535		2
6600		4535		2
435		4535		2
4262		4535		2
4864		4535		2
6660		4535		2
936		1075		2
5718		1075		2
3856		1075		2
3496		1075		2
3550		1075		2
9572		1075		2
9294		1075		2
4670		1075		2
9721		1075		2
6417		1075		2
2635		1075		2
9611		1075		2
957		1075		2
8187		1075		2
4618		1075		2
5074		1075		2
2009		1075		2
2102		1075		2
1291		1075		2
7927		1075		2
6949		1075		2
781		1075		2
6096		1075		2
5603		1075		2
3081		1075		2
7939		1075		2
8456		1075		2
3514		1075		2
4869		1075		2
3791		1075		2
4361		5748		2
7522		5748		2
392		5748		2
895		5748		2
2030		5748		2
9161		5748		2
8729		5748		2
6639		5748		2
9110		5748		2
8234		5748		2
5174		5748		2
1379		5748		2
8415		5748		2
7735		5748		2
6002		5748		2
7259		5748		2
5769		5748		2
1680		5748		2
335		5748		2
8168		5748		2
2579		5748		2
1404		5748		2
3090		5748		2
5709		5748		2
5846		5748		2
1390		5748		2
9520		5748		2
5377		5748		2
811		5748		2
2711		5748		2
1188		5748		2
3710		5748		2
2840		5748		2
567		9888		2
1149		9888		2
4406		9888		2
499		9888		2
327		9888		2
9499		9888		2
7074		9888		2
9088		9888		2
1891		9888		2
5840		9888		2
4422		9888		2
210		9888		2
3239		9888		2
428		9888		2
1735		9888		2
587		9888		2
101		9888		2
2850		9888		2
3508		9888		2
5425		9888		2
9503		9888		2
6049		9888		2
9864		9888		2
8026		9888		2
6936		1574		2
5797		1574		2
1242		1574		2
4590		1574		2
8409		1574		2
229		1574		2
979		1574		2
3818		1574		2
3656		1574		2
2880		1574		2
9945		1574		2
4446		1574		2
6699		1574		2
4004		1574		2
214		1574		2
8008		1574		2
1287		1574		2
2323		1574		2
2954		1574		2
9380		1574		2
5880		1574		2
215		1574		2
2629		1574		2
6721		1574		2
8424		1574		2
849		1574		2
404		1574		2
8935		1574		2
4665		6706		2
7305		6706		2
6410		6706		2
5823		6706		2
9701		6706		2
3890		6706		2
3605		6706		2
2517		6706		2
1682		6706		2
5482		6706		2
7043		6706		2
3397		6706		2
6880		6706		2
1789		6706		2
9402		6706		2
3565		6706		2
9711		6706		2
2089		6706		2
864		6706		2
4874		6706		2
92		6706		2
8297		6706		2
2354		6706		2
7887		6706		2
8467		6706		2
1966		6706		2
2992		6706		2
4963		6706		2
8437		6706		2
5784		6706		2
143		6706		2
2891		6706		2
498		6706		2
1805		6706		2
2677		6706		2
985		6706		2
7730		6706		2
5353		7897		2
8537		7897		2
8625		7897		2
7824		7897		2
4194		7897		2
6782		7897		2
8445		7897		2
1259		7897		2
7190		7897		2
4858		7897		2
2138		7897		2
2208		7897		2
7417		7897		2
3488		7897		2
1439		7897		2
1745		7897		2
2183		7897		2
7216		7897		2
3864		7897		2
2370		7897		2
5294		7897		2
1720		7897		2
5967		7897		2
3375		7897		2
760		7897		2
7885		7897		2
1919		7897		2
6619		7897		2
5102		7390		2
5883		7390		2
6659		7390		2
326		7390		2
6785		7390		2
3707		7390		2
3325		7390		2
8684		7390		2
3178		7390		2
6139		7390		2
2917		7390		2
3580		7390		2
3204		7390		2
9325		7390		2
8963		7390		2
3898		7390		2
136		7390		2
6328		7390		2
6351		2206		2
5712		2206		2
9898		2206		2
5096		2206		2
2720		2206		2
6040		2206		2
1041		2206		2
2013		2206		2
6752		2206		2
9190		2206		2
1015		2206		2
3481		2206		2
2803		2206		2
7923		2206		2
5114		2206		2
9825		2206		2
3422		2206		2
4659		2206		2
6106		2206		2
6236		2206		2
5841		2206		2
297		2206		2
7093		2206		2
2104		9521		2
7492		9521		2
3465		9521		2
668		9521		2
8301		9521		2
9795		9521		2
1237		9521		2
1758		9521		2
2774		9521		2
4941		9521		2
3071		9521		2
4292		9521		2
5755		9521		2
7604		9521		2
6599		9521		2
8497		9521		2
3181		9521		2
6026		9521		2
3274		9521		2
5036		9521		2
8756		9521		2
3506		9521		2
6232		4981		2
4964		4981		2
9426		4981		2
3299		4981		2
9981		4981		2
6413		4981		2
1311		4981		2
6483		4981		2
4032		4981		2
2729		4981		2
9417		4981		2
5142		4981		2
8275		4981		2
1166		4981		2
7859		4981		2
2242		4981		2
7101		4981		2
152		4981		2
7328		4981		2
6557		4981		2
2064		4981		2
5867		4981		2
6666		5753		2
4444		5753		2
7525		5753		2
3972		5753		2
5219		5753		2
1470		5753		2
2991		5753		2
489		5753		2
3120		5753		2
4074		5753		2
4807		5753		2
1997		5753		2
2023		5753		2
6378		5753		2
8919		5753		2
2832		5753		2
2565		5753		2
7274		5753		2
2625		5753		2
5346		5753		2
1235		5753		2
7755		5753		2
3193		5753		2
7696		5753		2
2341		5753		2
6763		5753		2
4995		5753		2
7974		5753		2
7329		5753		2
5004		5753		2
7774		2971		2
4364		2971		2
495		2971		2
2576		2971		2
8007		2971		2
7405		2971		2
8526		2971		2
3874		2971		2
9645		2971		2
1148		2971		2
9180		2971		2
4053		2971		2
8149		2971		2
5533		2971		2
2904		2971		2
476		2971		2
9408		2971		2
8296		2971		2
3231		2971		2
6828		2971		2
9928		2971		2
6155		2971		2
2943		7429		2
9778		7429		2
9957		7429		2
2797		7429		2
7404		7429		2
8588		7429		2
9345		7429		2
7788		7429		2
3701		7429		2
9668		7429		2
3115		7429		2
7661		7429		2
7424		7429		2
5512		7429		2
8979		7429		2
2128		7429		2
2874		7429		2
2134		7429		2
6115		7429		2
7543		7429		2
2096		7429		2
6030		7429		2
12		8271		2
1376		8271		2
4833		8271		2
2858		8271		2
2109		8271		2
8617		8271		2
223		8271		2
2848		8271		2
6990		8271		2
6968		8271		2
8770		8271		2
222		8271		2
1769		8271		2
1723		8271		2
2726		8271		2
6159		8271		2
2966		8271		2
8786		8271		2
1888		8271		2
5272		8271		2
960		4505		2
4543		4505		2
4007		4505		2
8730		4505		2
1119		4505		2
3904		4505		2
4242		4505		2
681		4505		2
4084		4505		2
4775		4505		2
549		4505		2
5189		4505		2
6457		4505		2
9371		4505		2
7941		4505		2
8362		4505		2
6298		4505		2
3220		4505		2
2255		4505		2
8702		4505		2
5910		4505		2
5633		4505		2
5951		4505		2
7255		4505		2
6694		4505		2
8152		6909		2
3507		6909		2
8020		6909		2
9433		6909		2
6025		6909		2
479		6909		2
9072		6909		2
1032		6909		2
9475		6909		2
6161		6909		2
4378		6909		2
8290		6909		2
7982		6909		2
7893		6909		2
1271		6909		2
3248		6909		2
623		6909		2
9142		6909		2
253		6909		2
4126		6909		2
6937		6909		2
3483		7437		2
2556		7437		2
3086		7437		2
8711		7437		2
7208		7437		2
8733		7437		2
9528		7437		2
5588		7437		2
2487		7437		2
9732		7437		2
4574		7437		2
2865		7437		2
4731		7437		2
3467		7437		2
2980		5677		2
2580		5677		2
3702		5677		2
242		5677		2
9011		5677		2
1790		5677		2
8707		5677		2
571		5677		2
6085		5677		2
841		5677		2
5401		5677		2
7940		5677		2
6125		5677		2
1236		5677		2
9812		5677		2
4469		5677		2
7842		5677		2
2946		5677		2
8300		5677		2
2342		3905		2
4805		3905		2
3371		3905		2
2313		3905		2
1421		3905		2
3751		3905		2
9648		3905		2
2069		3905		2
9418		3905		2
7114		3905		2
7632		3905		2
96		3905		2
5802		3905		2
2888		3905		2
747		3905		2
2740		3905		2
2789		3905		2
7303		3905		2
6323		9737		2
5478		9737		2
4999		9737		2
235		9737		2
7673		9737		2
6270		9737		2
6668		9737		2
1622		9737		2
7723		9737		2
1155		9737		2
2987		9737		2
2461		9737		2
1403		9737		2
9353		9737		2
5340		9737		2
943		9737		2
2916		9737		2
3298		9737		2
1523		9737		2
9223		9737		2
3956		9737		2
2230		1386		2
9036		1386		2
7314		1386		2
6855		1386		2
3035		1386		2
8181		1386		2
8824		1386		2
4729		1386		2
7273		1386		2
4975		1386		2
916		1386		2
1057		1386		2
6247		1386		2
8885		6826		2
2243		6826		2
44		6826		2
2443		6826		2
8433		6826		2
3561		6826		2
8449		6826		2
1566		6826		2
4426		6826		2
6651		6826		2
4549		6826		2
4232		6826		2
4636		6826		2
5680		6826		2
1791		6826		2
1262		6826		2
4325		6826		2
5199		6826		2
527		6826		2
4329		6826		2
1102		6826		2
602		8348		2
7920		8348		2
4105		8348		2
1478		8348		2
5940		8348		2
2867		8348		2
481		8348		2
3450		8348		2
2196		8348		2
7311		8348		2
6082		8348		2
4978		8348		2
5133		8348		2
8378		8348		2
4050		8348		2
607		6957		2
3351		6957		2
2811		6957		2
913		6957		2
5285		6957		2
1833		6957		2
1619		6957		2
4258		6957		2
1606		6957		2
25		6957		2
1494		6957		2
4821		6957		2
9233		6957		2
7914		6957		2
2554		6957		2
4076		6957		2
9842		2701		2
225		2701		2
3495		2701		2
316		2701		2
1134		2701		2
8448		2701		2
5105		2701		2
3429		2701		2
4730		2701		2
4942		2701		2
4776		2701		2
2334		2701		2
3949		2701		2
1643		2701		2
4020		2701		2
2567		2701		2
8728		2701		2
6348		2701		2
7382		9224		2
5876		9224		2
3624		9224		2
9397		9224		2
9631		9224		2
1426		9224		2
1502		9224		2
131		9224		2
5248		9224		2
231		9224		2
6006		9224		2
3913		9224		2
9276		9224		2
484		9224		2
5104		9224		2
3162		9224		2
3068		1395		2
1215		1395		2
3894		1395		2
8249		1395		2
4554		1395		2
2447		1395		2
7654		1395		2
1958		1395		2
7240		1395		2
4380		1395		2
1988		1395		2
6400		1395		2
1953		1395		2
970		1395		2
378		9669		2
9320		9669		2
703		9669		2
3399		9669		2
9511		9669		2
1822		9669		2
312		9669		2
4046		9669		2
8086		9669		2
8218		9669		2
8532		9669		2
420		9669		2
4768		9669		2
8558		9470		2
4563		9470		2
7515		9470		2
3233		9470		2
1443		9470		2
6380		9470		2
5243		9470		2
5410		9470		2
5008		9470		2
4463		9470		2
8099		9470		2
5061		9470		2
5789		7035		2
2836		7035		2
1401		7035		2
7342		7035		2
7986		7035		2
561		7035		2
8250		7035		2
9650		7035		2
4061		4743		2
7815		4743		2
5571		4743		2
8012		4743		2
4760		4743		2
2130		4743		2
3455		4743		2
4204		4743		2
2124		4743		2
2528		4743		2
8416		4743		2
2417		4743		2
3859		893		2
7973		893		2
9635		893		2
8653		893		2
6837		893		2
6246		893		2
7601		893		2
4987		893		2
4827		893		2
6803		893		2
441		893		2
6696		893		2
166		893		2
1194		893		2
2541		893		2
9247		893		2
5523		893		2
3118		893		2
7558		1398		2
2553		1398		2
2011		1398		2
8800		1398		2
535		1398		2
4872		1398		2
3425		1398		2
6625		1398		2
4818		1398		2
987		1398		2
6816		1398		2
9392		1816		2
221		1816		2
3396		1816		2
3563		1816		2
155		1816		2
3786		1816		2
8134		1816		2
3815		1816		2
9136		1816		2
7587		1816		2
4727		1816		2
2738		1816		2
5392		1816		2
8688		1816		2
186		4989		2
2144		4989		2
5961		4989		2
3795		4989		2
1971		4989		2
2090		4989		2
2390		4989		2
7071		5950		2
3746		5950		2
3625		5950		2
377		5950		2
8676		5950		2
8781		5950		2
6842		5950		2
8000		5950		2
9285		5950		2
7948		5950		2
6354		5950		2
8577		5950		2
1857		5950		2
3922		3049		2
8230		3049		2
2165		3049		2
5166		3049		2
5030		3049		2
9874		3049		2
671		3049		2
6		3049		2
2029		3049		2
6822		3049		2
7862		3049		2
699		3049		2
4920		3049		2
9690		3049		2
9788		7591		2
4042		7591		2
3963		7591		2
5625		7591		2
6781		7591		2
9620		7591		2
3744		7591		2
2679		7591		2
4500		7591		2
3106		7591		2
219		7591		2
9809		3523		2
6477		3523		2
5583		3523		2
4904		3523		2
2589		3523		2
8687		3232		3
3358		3232		3
2378		3232		3
1301		3232		3
6993		3232		3
2316		3232		3
5740		3232		3
263		3232		3
6398		3232		3
5504		3232		3
9422		3232		3
4168		3232		3
9492		3232		3
8317		3232		3
7055		3405		3
1525		3405		3
7777		3405		3
203		3405		3
5330		3405		3
1728		3405		3
3021		3405		3
6649		3405		3
4680		3405		3
7863		3405		3
4548		3405		3
9203		3405		3
5747		3405		3
6198		4913		3
3469		4913		3
8946		4913		3
3618		4913		3
1983		4913		3
2616		4913		3
3457		4913		3
3965		4913		3
8241		4913		3
4023		4913		3
2433		4913		3
5720		4913		3
1233		4913		3
7870		2730		3
5593		2730		3
7153		2730		3
1369		2730		3
7751		2730		3
8104		2730		3
7236		2730		3
632		2730		3
5808		2499		3
8071		2499		3
4334		2499		3
9220		2499		3
1861		2499		3
8306		2499		3
6677		2499		3
1465		2499		3
2866		2499		3
3315		2499		3
4556		2499		3
7744		2499		3
8964		2499		3
1644		3098		3
8806		3098		3
9902		3098		3
3766		3098		3
9565		3098		3
8695		3098		3
9462		3098		3
8361		3098		3
7817		3098		3
4293		3098		3
6547		3098		3
9105		1865		3
8364		1865		3
9813		1865		3
5515		1865		3
1639		1865		3
4687		1865		3
3398		1865		3
9883		1865		3
6992		1865		3
6836		1865		3
653		1865		3
1412		1865		3
4088		1865		3
7185		1865		3
9001		1865		3
1581		1865		3
3431		1865		3
2195		5582		3
4626		5582		3
4578		5582		3
4712		5582		3
4390		5582		3
5159		5582		3
466		5582		3
8397		5582		3
6043		5582		3
7265		5582		3
3219		5582		3
8987		5582		3
9047		9967		3
7679		9967		3
9850		9967		3
6089		9967		3
8740		9967		3
3369		9967		3
9836		9967		3
9563		9967		3
2406		9967		3
848		9967		3
7212		9967		3
2249		9967		3
2962		9967		3
268		9967		3
8766		9967		3
6981		9949		3
6813		9949		3
5251		9949		3
4922		9949		3
5716		9949		3
677		9949		3
3937		9949		3
6213		9949		3
4759		9949		3
573		9949		3
8742		1231		3
4843		1231		3
8169		1231		3
5830		1231		3
1814		1231		3
3736		7534		3
980		7534		3
2061		7534		3
4762		7534		3
6344		7534		3
4253		7534		3
7541		7534		3
8918		7534		3
3526		7534		3
7598		9167		3
6833		9167		3
3971		9167		3
1704		9167		3
2202		9167		3
4077		9167		3
757		9167		3
1531		9167		3
5486		9167		3
5245		9167		3
5417		1078		3
9184		1078		3
3306		1078		3
262		1078		3
2686		1078		3
8189		1078		3
8311		1078		3
3823		1078		3
8587		1078		3
2018		1078		3
4502		959		3
6530		959		3
5956		959		3
531		959		3
7209		959		3
7690		959		3
7964		959		3
1381		959		3
3112		959		3
6850		959		3
9724		959		3
2893		6731		3
9414		6731		3
2861		6731		3
815		6731		3
7884		6731		3
3599		6731		3
4600		6731		3
4494		6731		3
8521		6731		3
1700		6731		3
6775		6731		3
8185		7312		3
6542		7312		3
3847		7312		3
8514		7312		3
1866		7312		3
6686		7312		3
880		7312		3
2784		7312		3
1302		7312		3
3780		7312		3
791		7312		3
6628		7312		3
7725		7312		3
7067		7312		3
5893		275		3
3394		275		3
4889		275		3
4393		9546		3
7244		9546		3
6290		9546		3
469		9546		3
252		9546		3
7889		9119		3
1826		9119		3
6897		9119		3
111		9119		3
2828		9119		3
4090		9119		3
7717		9119		3
8027		9119		3
8261		9119		3
2996		9119		3
6201		9119		3
9841		9119		3
6865		9119		3
6835		7401		3
4568		7401		3
9329		7401		3
7542		7401		3
4083		7401		3
6640		7401		3
8404		7401		3
4672		1069		3
9473		1069		3
5426		1069		3
9067		1069		3
3897		1069		3
2896		1069		3
4347		1069		3
3814		1069		3
1019		1069		3
9552		1069		3
3132		1069		3
6653		825		3
704		825		3
5670		825		3
8685		825		3
712		825		3
619		825		3
3009		825		3
9202		825		3
3143		825		3
4339		825		3
5624		825		3
6066		825		3
2114		3292		3
8092		3292		3
4859		3292		3
1835		3292		3
7269		3292		3
384		3292		3
6346		3292		3
8518		3292		3
1227		3292		3
1270		3292		3
70		3292		3
4610		3292		3
205		3292		3
8639		3292		3
5380		3292		3
8478		3292		3
9192		1884		3
2572		1884		3
3105		1884		3
8096		1884		3
1589		1884		3
1989		1884		3
8550		4783		3
5065		4783		3
3128		4783		3
1913		4783		3
8100		4783		3
88		4783		3
3393		4783		3
8741		4365		3
807		4365		3
7851		4365		3
8431		4365		3
1582		4365		3
3615		4365		3
7572		4365		3
989		4365		3
2491		4365		3
6249		2270		3
8799		2270		3
9609		2270		3
3348		2270		3
8035		2270		3
9979		2270		3
5471		2270		3
8864		2270		3
6053		3010		3
4040		3010		3
132		3010		3
7006		3010		3
194		3010		3
892		3010		3
2445		3010		3
3887		3010		3
5066		5180		3
4244		5180		3
5022		5180		3
2846		5180		3
6838		5180		3
2359		5180		3
5627		5180		3
7508		5180		3
3844		5180		3
6027		9664		3
672		9664		3
9959		9664		3
2898		9664		3
3570		9664		3
1665		1916		3
273		1916		3
4174		1916		3
9120		1916		3
8782		1916		3
3027		1916		3
5291		5902		3
9357		5902		3
6578		5902		3
6150		719		3
1762		719		3
6941		719		3
2095		719		3
6747		719		3
1145		719		3
3749		719		3
2695		719		3
3602		719		3
6318		1634		3
5363		1634		3
1559		1634		3
4321		1634		3
8510		1634		3
7625		1634		3
1368		1634		3
4294		6520		3
608		6520		3
1223		6520		3
9839		6520		3
5927		9332		3
5641		9332		3
5920		9332		3
5431		9332		3
6697		9332		3
9822		9332		3
250		2602		3
3841		2602		3
6326		2602		3
6024		2602		3
7925		2602		3
7844		2602		3
4430		2602		3
7296		2602		3
7642		2602		3
3776		4022		3
2981		4022		3
9172		4022		3
4921		4022		3
4149		4022		3
2647		4022		3
8584		4022		3
4457		8607		3
4795		8607		3
5398		8607		3
7363		8607		3
2968		8607		3
2203		9170		3
6431		9170		3
9186		9170		3
7957		9170		3
7455		9170		3
5236		9170		3
9551		4955		3
8207		4955		3
8462		3363		3
8485		3363		3
9854		3363		3
8043		3363		3
156		3363		3
6037		3363		3
976		2506		3
5861		2506		3
6652		2506		3
442		2506		3
9879		2506		3
4622		9656		3
536		9656		3
1801		9656		3
5788		9656		3
6788		9656		3
2638		1125		3
3150		1125		3
7374		1125		3
2152		8088		3
6872		8088		3
9647		8088		3
4142		8088		3
786		8088		3
294		5279		3
3808		5279		3
2808		5279		3
5860		5279		3
9056		5279		3
6008		5279		3
2115		5279		3
7408		9533		3
8040		9533		3
5689		9533		3
6692		9533		3
8321		6982		3
7551		42		3
2459		42		3
7556		42		3
6181		9754		3
2279		4237		3
2290		4237		3
6510		4237		3
1994		4237		3
5831		7505		3
926		7505		3
5944		7505		3
986		7505		3
9605		8091		3
5290		8091		3
8150		8091		3
6230		869		3
1702		869		3
330		869		3
71		869		3
3444		869		3
6907		6724		3
4131		6724		3
43		6724		3
7952		6724		3
3568		6724		3
7189		9266		3
903		9266		3
6407		9266		3
8438		1873		3
3224		1873		3
7367		1873		3
595		7761		3
7126		7761		3
6924		7761		3
6611		7761		3
3350		7518		3
9504		7518		3
1943		7518		3
9403		7518		3
7059		7518		3
9518		7518		3
9781		3000		3
6642		3000		3
6196		3000		3
6277		8924		3
4212		8924		3
5011		8924		3
5805		8924		3
714		2398		3
2843		2398		3
5132		2398		3
5366		1296		3
1906		4623		3
3925		4623		3
4010		4686		3
5930		2707		3
211		2707		3
7		2707		3
3811		2707		3
6234		2707		3
4861		6492		3
506		6492		3
6796		6492		3
1856		1998		3
2281		1998		3
417		1998		3
7331		1998		3
5460		2293		3
3520		2293		3
1787		2293		3
9165		2293		3
7049		2293		3
4980		8309		3
8527		8309		3
4952		8309		3
2863		5890		3
1126		5890		3
6383		5890		3
6433		5890		3
7325		5890		3
1817		6071		3
4386		2071		3
9215		2071		3
4151		3696		3
5587		3696		3
1528		3696		3
7716		3696		3
5058		8082		3
4252		8082		3
8905		688		3
2884		4316		3
9071		4316		3
3485		4316		3
4268		5051		3
3060		4405		3
1109		4405		3
3793		8346		3
8663		8346		3
1372		9722		3
2672		9722		3
7040		9722		3
2551		9722		3
2750		2347		3
1418		2347		3
9399		2347		3
9791		682		3
6014		682		3
7027		682		3
1848		806		3
3159		6075		3
5514		6075		3
3234		6075		3
4624		7795		3
7570		7795		3
1957		7795		3
904		2275		3
243		6312		3
7739		6312		3
375		4055		3
4637		4055		3
1543		4055		3
1496		8637		3
7162		8637		3
4800		6225		3
6226		4667		3
1535		4667		3
3538		6231		3
8004		6231		3
9924		6458		3
577		1695		3
4284		2147		3
1384		2147		3
9312		237		3
9495		2067		3
163		2067		3
8513		2067		3
1190		7474		3
8842		7474		3
6207		422		3
4215		5338		3
7298		9034		3
7096		3213		3
4938		803		3
2934		5935		3
2745		5935		3
6445		5935		3
1540		7564		3
3735		7017		3
1687		6361		3
1902		6361		3
8540		9846		3
9524		2056		3
4112		2766		3
3147		788		3
5024		788		3
2324		2651		3
8966		2651		3
5396		5014		3
2174		1733		3
2315		365		3
7016		365		3
4830		9466		3
2263		9466		3
3078		9704		3
9794		9704		3
3329		7611		3
6358		7611		3
1538		9483		3
6128		4465		3
1068		9322		3
4813		9322		3
9485		4837		3
6382		4837		3
3157		1043		3
7548		5833		3
6356		2769		3
2314		9808		3
4701		7770		3
4458		7770		3
2662		7770		3
2645		4456		3
752		8177		3
4506		5183		3
8457		5183		3
1464		8911		3
3892		8911		3
5205		4879		3
303		4879		3
7721		7254		3
4719		3857		3
5157		4291		3
3758		4291		3
2648		4291		3
5034		7765		3
9059		8033		3
7109		8033		3
2163		9969		3
497		2785		3
6895		1415		3
3668		3728		3
320		7034		3
2467		8434		3
2509		1317		3
5112		3669		3
5936		4702		3
5211		7504		3
6687		2079		3
6980		545		3